1.000000	12820.022830	4112.372745
1.001088	12821.370823	4091.840151
1.002176	12822.717384	4071.424616
1.003264	12824.062493	4051.125475
1.004352	12825.406126	4030.942068
1.005440	12826.748263	4010.873739
1.006529	12828.088883	3990.919834
1.007617	12829.427963	3971.079705
1.008705	12830.765482	3951.352706
1.009793	12832.101418	3931.738195
1.010881	12833.435821	3912.235282
1.011969	12834.769138	3892.841675
1.013057	12836.101433	3873.556393
1.014145	12837.432689	3854.378750
1.015233	12838.762888	3835.308066
1.016321	12840.092012	3816.343667
1.017409	12841.420043	3797.484881
1.018497	12842.746964	3778.731044
1.019586	12844.072757	3760.081494
1.020674	12845.397404	3741.535575
1.021762	12846.720888	3723.092637
1.022850	12848.043189	3704.752032
1.023938	12849.364291	3686.513120
1.025026	12850.684176	3668.375261
1.026114	12852.002826	3650.337824
1.027202	12853.320223	3632.400180
1.028290	12854.636350	3614.561706
1.029378	12855.951188	3596.821782
1.030466	12857.264720	3579.179793
1.031555	12858.576928	3561.635128
1.032643	12859.887794	3544.187182
1.033731	12861.197300	3526.835353
1.034819	12862.505429	3509.579042
1.035907	12863.812163	3492.417657
1.036995	12865.117484	3475.350608
1.038083	12866.421373	3458.377311
1.039171	12867.723815	3441.497184
1.040259	12869.024789	3424.709652
1.041347	12870.324280	3408.014140
1.042435	12871.622268	3391.410081
1.043524	12872.918737	3374.896910
1.044612	12874.213667	3358.474066
1.045700	12875.507043	3342.140993
1.046788	12876.798845	3325.897138
1.047876	12878.089056	3309.741953
1.048964	12879.377658	3293.674891
1.050052	12880.664634	3277.695412
1.051140	12881.949965	3261.802979
1.052228	12883.233633	3245.997058
1.053316	12884.515622	3230.277119
1.054404	12885.795912	3214.642636
1.055492	12887.074487	3199.093086
1.056581	12888.351329	3183.627951
1.057669	12889.626419	3168.246716
1.058757	12890.899740	3152.948868
1.059845	12892.171274	3137.733900
1.060933	12893.441003	3122.601307
1.062021	12894.708923	3107.550574
1.063109	12895.975370	3092.580817
1.064197	12897.240484	3077.691375
1.065285	12898.504251	3062.881764
1.066373	12899.766656	3048.151502
1.067461	12901.027683	3033.500112
1.068550	12902.287315	3018.927119
1.069638	12903.545539	3004.432053
1.070726	12904.802338	2990.014446
1.071814	12906.057697	2975.673833
1.072902	12907.311601	2961.409752
1.073990	12908.564033	2947.221745
1.075078	12909.814979	2933.109358
1.076166	12911.064423	2919.072138
1.077254	12912.312350	2905.109635
1.078342	12913.558744	2891.221405
1.079430	12914.803589	2877.407004
1.080519	12916.046871	2863.665992
1.081607	12917.288573	2849.997932
1.082695	12918.528680	2836.402391
1.083783	12919.767177	2822.878938
1.084871	12921.004048	2809.427144
1.085959	12922.239278	2796.046584
1.087047	12923.472851	2782.736837
1.088135	12924.704752	2769.497482
1.089223	12925.934966	2756.328103
1.090311	12927.163476	2743.228286
1.091399	12928.390267	2730.197620
1.092487	12929.615325	2717.235698
1.093576	12930.838633	2704.342113
1.094664	12932.060175	2691.516463
1.095752	12933.279938	2678.758348
1.096840	12934.497904	2666.067371
1.097928	12935.714059	2653.443136
1.099016	12936.928386	2640.885252
1.100104	12938.140872	2628.393330
1.101192	12939.351499	2615.966982
1.102280	12940.560253	2603.605825
1.103368	12941.767118	2591.309477
1.104456	12942.972079	2579.077558
1.105545	12944.175120	2566.909693
1.106633	12945.376225	2554.805506
1.107721	12946.575380	2542.764628
1.108809	12947.772569	2530.786688
1.109897	12948.967776	2518.871320
1.110985	12950.160985	2507.018160
1.112073	12951.352182	2495.226845
1.113161	12952.541353	2483.497016
1.114249	12953.728756	2471.828076
1.115337	12954.914566	2460.219508
1.116425	12956.098767	2448.670961
1.117514	12957.281347	2437.182086
1.118602	12958.462291	2425.752537
1.119690	12959.641584	2414.381970
1.120778	12960.819213	2403.070044
1.121866	12961.995164	2391.816420
1.122954	12963.169422	2380.620760
1.124042	12964.341973	2369.482729
1.125130	12965.512803	2358.401995
1.126218	12966.681898	2347.378227
1.127306	12967.849243	2336.411098
1.128394	12969.014825	2325.500281
1.129482	12970.178630	2314.645452
1.130571	12971.340643	2303.846289
1.131659	12972.500849	2293.102473
1.132747	12973.659236	2282.413686
1.133835	12974.815788	2271.779613
1.134923	12975.970492	2261.199940
1.136011	12977.123333	2250.674356
1.137099	12978.274298	2240.202552
1.138187	12979.423372	2229.784219
1.139275	12980.570540	2219.419054
1.140363	12981.715790	2209.106753
1.141451	12982.859106	2198.847014
1.142540	12984.000474	2188.639539
1.143628	12985.139881	2178.484029
1.144716	12986.277312	2168.380189
1.145804	12987.412753	2158.327727
1.146892	12988.546190	2148.326349
1.147980	12989.677608	2138.375768
1.149068	12990.806994	2128.475693
1.150156	12991.934333	2118.625841
1.151244	12993.059612	2108.825926
1.152332	12994.182815	2099.075667
1.153420	12995.303929	2089.374783
1.154509	12996.422940	2079.722995
1.155597	12997.539834	2070.120026
1.156685	12998.654596	2060.565602
1.157773	12999.767212	2051.059450
1.158861	13000.877669	2041.601297
1.159949	13001.985951	2032.190874
1.161037	13003.092045	2022.827913
1.162125	13004.195937	2013.512148
1.163213	13005.297612	2004.243314
1.164301	13006.397072	1995.021139
1.165389	13007.494607	1985.845181
1.166477	13008.590314	1976.715113
1.167566	13009.684182	1967.630680
1.168654	13010.776196	1958.591624
1.169742	13011.866342	1949.597693
1.170830	13012.954607	1940.648634
1.171918	13014.040977	1931.744196
1.173006	13015.125439	1922.884132
1.174094	13016.207978	1914.068192
1.175182	13017.288582	1905.296132
1.176270	13018.367237	1896.567707
1.177358	13019.443929	1887.882675
1.178446	13020.518644	1879.240795
1.179535	13021.591368	1870.641826
1.180623	13022.662089	1862.085532
1.181711	13023.730792	1853.571675
1.182799	13024.797464	1845.100020
1.183887	13025.862091	1836.670335
1.184975	13026.924660	1828.282386
1.186063	13027.985156	1819.935944
1.187151	13029.043566	1811.630780
1.188239	13030.099877	1803.366665
1.189327	13031.154075	1795.143373
1.190415	13032.206147	1786.960681
1.191504	13033.256078	1778.818364
1.192592	13034.303854	1770.716201
1.193680	13035.349463	1762.653970
1.194768	13036.392891	1754.631454
1.195856	13037.434124	1746.648434
1.196944	13038.473148	1738.704694
1.198032	13039.509950	1730.800018
1.199120	13040.544516	1722.934194
1.200208	13041.576833	1715.107008
1.201296	13042.606886	1707.318251
1.202384	13043.634663	1699.567712
1.203472	13044.660149	1691.855182
1.204561	13045.683331	1684.180456
1.205649	13046.704195	1676.543326
1.206737	13047.722728	1668.943590
1.207825	13048.738916	1661.381042
1.208913	13049.752745	1653.855483
1.210001	13050.764201	1646.366710
1.211089	13051.773272	1638.914525
1.212177	13052.779943	1631.498729
1.213265	13053.784201	1624.119126
1.214353	13054.786032	1616.775519
1.215441	13055.785600	1609.467640
1.216530	13056.783134	1602.195193
1.217618	13057.778621	1594.957988
1.218706	13058.772047	1587.755834
1.219794	13059.763398	1580.588542
1.220882	13060.752661	1573.455926
1.221970	13061.739821	1566.357799
1.223058	13062.724866	1559.293976
1.224146	13063.707780	1552.264272
1.225234	13064.688551	1545.268504
1.226322	13065.667165	1538.306492
1.227410	13066.643607	1531.378054
1.228498	13067.617864	1524.483011
1.229587	13068.589923	1517.621184
1.230675	13069.559769	1510.792396
1.231763	13070.527388	1503.996471
1.232851	13071.492767	1497.233233
1.233939	13072.455893	1490.502509
1.235027	13073.416751	1483.804125
1.236115	13074.375327	1477.137909
1.237203	13075.331607	1470.503691
1.238291	13076.285579	1463.901301
1.239379	13077.237228	1457.330569
1.240467	13078.186540	1450.791328
1.241556	13079.133502	1444.283411
1.242644	13080.078099	1437.806653
1.243732	13081.020318	1431.360888
1.244820	13081.960146	1424.945954
1.245908	13082.897568	1418.561686
1.246996	13083.832570	1412.207924
1.248084	13084.765140	1405.884506
1.249172	13085.695262	1399.591273
1.250260	13086.622923	1393.328065
1.251348	13087.548110	1387.094726
1.252436	13088.470809	1380.891098
1.253525	13089.391005	1374.717025
1.254613	13090.308686	1368.572352
1.255701	13091.223837	1362.456924
1.256789	13092.136444	1356.370590
1.257877	13093.046494	1350.313195
1.258965	13093.953973	1344.284590
1.260053	13094.858867	1338.284624
1.261141	13095.761162	1332.313147
1.262229	13096.660845	1326.370010
1.263317	13097.557902	1320.455066
1.264405	13098.452326	1314.568166
1.265493	13099.344384	1308.709096
1.266582	13100.234200	1302.877676
1.267670	13101.121759	1297.073760
1.268758	13102.007049	1291.297204
1.269846	13102.890053	1285.547862
1.270934	13103.770758	1279.825592
1.272022	13104.649149	1274.130251
1.273110	13105.525211	1268.461698
1.274198	13106.398931	1262.819793
1.275286	13107.270294	1257.204394
1.276374	13108.139284	1251.615364
1.277462	13109.005889	1246.052564
1.278551	13109.870093	1240.515858
1.279639	13110.731882	1235.005108
1.280727	13111.591242	1229.520179
1.281815	13112.448157	1224.060937
1.282903	13113.302614	1218.627247
1.283991	13114.154599	1213.218976
1.285079	13115.004096	1207.835992
1.286167	13115.851091	1202.478164
1.287255	13116.695570	1197.145360
1.288343	13117.537518	1191.837451
1.289431	13118.376921	1186.554308
1.290520	13119.213765	1181.295802
1.291608	13120.048035	1176.061805
1.292696	13120.879716	1170.852192
1.293784	13121.708794	1165.666835
1.294872	13122.535255	1160.505609
1.295960	13123.359084	1155.368391
1.297048	13124.180267	1150.255055
1.298136	13124.998789	1145.165480
1.299224	13125.814635	1140.099542
1.300312	13126.627793	1135.057120
1.301400	13127.438246	1130.038093
1.302488	13128.245980	1125.042341
1.303577	13129.050982	1120.069745
1.304665	13129.853236	1115.120185
1.305753	13130.652728	1110.193544
1.306841	13131.449444	1105.289705
1.307929	13132.243369	1100.408551
1.309017	13133.034489	1095.549966
1.310105	13133.822789	1090.713834
1.311193	13134.608255	1085.900041
1.312281	13135.390872	1081.108474
1.313369	13136.170639	1076.339018
1.314457	13136.947843	1071.591534
1.315546	13137.722601	1066.865897
1.316634	13138.494898	1062.161996
1.317722	13139.264718	1057.479718
1.318810	13140.032044	1052.818953
1.319898	13140.796862	1048.179591
1.320986	13141.559156	1043.561521
1.322074	13142.318909	1038.964635
1.323162	13143.076107	1034.388824
1.324250	13143.830732	1029.833981
1.325338	13144.582771	1025.299999
1.326426	13145.332206	1020.786771
1.327515	13146.079022	1016.294192
1.328603	13146.823203	1011.822156
1.329691	13147.564734	1007.370559
1.330779	13148.303599	1002.939297
1.331867	13149.039782	998.528266
1.332955	13149.773267	994.137365
1.334043	13150.504039	989.766491
1.335131	13151.232082	985.415542
1.336219	13151.957379	981.084418
1.337307	13152.679916	976.773018
1.338395	13153.399677	972.481243
1.339483	13154.116646	968.208994
1.340572	13154.830806	963.956173
1.341660	13155.542143	959.722681
1.342748	13156.250641	955.508421
1.343836	13156.956283	951.313296
1.344924	13157.659054	947.137211
1.346012	13158.358939	942.980069
1.347100	13159.055922	938.841776
1.348188	13159.749986	934.722236
1.349276	13160.441116	930.621357
1.350364	13161.129297	926.539045
1.351452	13161.814512	922.475207
1.352541	13162.496747	918.429751
1.353629	13163.175984	914.402584
1.354717	13163.852209	910.393616
1.355805	13164.525405	906.402756
1.356893	13165.195557	902.429914
1.357981	13165.862650	898.475001
1.359069	13166.526666	894.537926
1.360157	13167.187592	890.618602
1.361245	13167.845417	886.716941
1.362333	13168.500437	882.832857
1.363421	13169.152797	878.966264
1.364510	13169.802480	875.117072
1.365598	13170.449468	871.285194
1.366686	13171.093745	867.470541
1.367774	13171.735292	863.673027
1.368862	13172.374093	859.892566
1.369950	13173.010130	856.129070
1.371038	13173.643386	852.382455
1.372126	13174.273842	848.652636
1.373214	13174.901482	844.939527
1.374302	13175.526289	841.243045
1.375390	13176.148244	837.563107
1.376478	13176.767332	833.899630
1.377567	13177.383533	830.252530
1.378655	13177.996831	826.621726
1.379743	13178.607208	823.007137
1.380831	13179.214647	819.408681
1.381919	13179.819130	815.826277
1.383007	13180.420641	812.259846
1.384095	13181.019161	808.709309
1.385183	13181.614674	805.174585
1.386271	13182.207161	801.655596
1.387359	13182.796606	798.152264
1.388447	13183.382991	794.664512
1.389536	13183.966299	791.192261
1.390624	13184.546511	787.735435
1.391712	13185.123612	784.293958
1.392800	13185.697583	780.867754
1.393888	13186.268407	777.456747
1.394976	13186.836067	774.060863
1.396064	13187.400544	770.680025
1.397152	13187.961823	767.314162
1.398240	13188.519885	763.963198
1.399328	13189.074713	760.627060
1.400416	13189.626290	757.305676
1.401505	13190.174597	753.998973
1.402593	13190.719619	750.706878
1.403681	13191.261337	747.429322
1.404769	13191.799733	744.166231
1.405857	13192.334792	740.917536
1.406945	13192.866494	737.683166
1.408033	13193.394828	734.463052
1.409121	13193.920102	731.257142
1.410209	13194.442490	728.065378
1.411297	13194.961972	724.887689
1.412385	13195.478529	721.724007
1.413473	13195.992140	718.574261
1.414562	13196.502787	715.438384
1.415650	13197.010450	712.316306
1.416738	13197.515108	709.207960
1.417826	13198.016742	706.113279
1.418914	13198.515333	703.032194
1.420002	13199.010860	699.964639
1.421090	13199.503305	696.910549
1.422178	13199.992647	693.869856
1.423266	13200.478867	690.842496
1.424354	13200.961946	687.828402
1.425442	13201.441862	684.827511
1.426531	13201.918597	681.839757
1.427619	13202.392132	678.865078
1.428707	13202.862446	675.903408
1.429795	13203.329519	672.954685
1.430883	13203.793333	670.018845
1.431971	13204.253866	667.095826
1.433059	13204.711101	664.185567
1.434147	13205.165017	661.288004
1.435235	13205.615593	658.403077
1.436323	13206.062812	655.530724
1.437411	13206.506652	652.670885
1.438499	13206.947095	649.823499
1.439588	13207.384121	646.988506
1.440676	13207.817709	644.165846
1.441764	13208.247840	641.355460
1.442852	13208.674496	638.557289
1.443940	13209.097655	635.771274
1.445028	13209.517298	632.997356
1.446116	13209.933406	630.235479
1.447204	13210.345958	627.485583
1.448292	13210.754936	624.747612
1.449380	13211.160319	622.021509
1.450468	13211.562088	619.307217
1.451557	13211.960224	616.604679
1.452645	13212.354705	613.913840
1.453733	13212.745529	611.234645
1.454821	13213.133068	608.567072
1.455909	13213.517471	605.911079
1.456997	13213.898715	603.266609
1.458085	13214.276779	600.633605
1.459173	13214.651640	598.012010
1.460261	13215.023275	595.401769
1.461349	13215.391662	592.802825
1.462437	13215.756778	590.215123
1.463526	13216.118601	587.638608
1.464614	13216.477108	585.073225
1.465702	13216.832277	582.518919
1.466790	13217.184085	579.975637
1.467878	13217.532510	577.443325
1.468966	13217.877528	574.921928
1.470054	13218.219119	572.411394
1.471142	13218.557258	569.911670
1.472230	13218.891924	567.422703
1.473318	13219.223094	564.944442
1.474406	13219.550745	562.476833
1.475494	13219.874856	560.019826
1.476583	13220.195403	557.573369
1.477671	13220.512364	555.137412
1.478759	13220.825716	552.711902
1.479847	13221.135437	550.296791
1.480935	13221.441505	547.892028
1.482023	13221.743896	545.497562
1.483111	13222.042589	543.113345
1.484199	13222.337561	540.739328
1.485287	13222.628789	538.375461
1.486375	13222.916250	536.021695
1.487463	13223.199923	533.677983
1.488552	13223.479785	531.344276
1.489640	13223.755813	529.020527
1.490728	13224.027985	526.706687
1.491816	13224.296278	524.402711
1.492904	13224.560669	522.108549
1.493992	13224.821137	519.824157
1.495080	13225.077658	517.549488
1.496168	13225.330210	515.284495
1.497256	13225.578771	513.029132
1.498344	13225.823856	510.783450
1.499432	13226.068203	508.547891
1.500521	13226.311970	506.322430
1.501609	13226.554886	504.106965
1.502697	13226.796682	501.901399
1.503785	13227.037086	499.705633
1.504873	13227.275828	497.519570
1.505961	13227.512638	495.343114
1.507049	13227.747246	493.176171
1.508137	13227.979380	491.018647
1.509225	13228.208771	488.870450
1.510313	13228.435148	486.731489
1.511401	13228.658241	484.601672
1.512489	13228.877779	482.480911
1.513578	13229.093492	480.369118
1.514666	13229.305109	478.266206
1.515754	13229.512361	476.172088
1.516842	13229.714976	474.086679
1.517930	13229.912684	472.009896
1.519018	13230.105215	469.941655
1.520106	13230.292299	467.881874
1.521194	13230.473664	465.830473
1.522282	13230.649041	463.787371
1.523370	13230.818159	461.752489
1.524458	13230.980748	459.725748
1.525547	13231.136537	457.707073
1.526635	13231.285256	455.696385
1.527723	13231.426634	453.693611
1.528811	13231.560402	451.698675
1.529899	13231.686288	449.711505
1.530987	13231.804022	447.732026
1.532075	13231.913334	445.760169
1.533163	13232.013953	443.795861
1.534251	13232.105609	441.839033
1.535339	13232.188032	439.889616
1.536427	13232.260951	437.947542
1.537516	13232.324096	436.012743
1.538604	13232.377195	434.085153
1.539692	13232.419980	432.164706
1.540780	13232.452246	430.251348
1.541868	13232.479858	428.345985
1.542956	13232.506733	426.449203
1.544044	13232.532870	424.560959
1.545132	13232.558271	422.681212
1.546220	13232.582934	420.809920
1.547308	13232.606861	418.947043
1.548396	13232.630050	417.092540
1.549484	13232.652502	415.246371
1.550573	13232.674217	413.408494
1.551661	13232.695196	411.578870
1.552749	13232.715437	409.757459
1.553837	13232.734941	407.944221
1.554925	13232.753707	406.139117
1.556013	13232.771737	404.342108
1.557101	13232.789030	402.553153
1.558189	13232.805586	400.772216
1.559277	13232.821404	398.999256
1.560365	13232.836486	397.234236
1.561453	13232.850830	395.477116
1.562542	13232.864438	393.727861
1.563630	13232.877308	391.986430
1.564718	13232.889441	390.252787
1.565806	13232.900837	388.526895
1.566894	13232.911497	386.808715
1.567982	13232.921419	385.098212
1.569070	13232.930604	383.395347
1.570158	13232.939051	381.700086
1.571246	13232.946762	380.012390
1.572334	13232.953736	378.332224
1.573422	13232.959973	376.659552
1.574511	13232.965472	374.994338
1.575599	13232.970235	373.336547
1.576687	13232.974260	371.686141
1.577775	13232.977549	370.043088
1.578863	13232.980100	368.407350
1.579951	13232.981914	366.778895
1.581039	13232.982991	365.157685
1.582127	13232.983323	363.543687
1.583215	13232.977070	361.936058
1.584303	13232.959401	360.334109
1.585391	13232.930595	358.737864
1.586479	13232.890931	357.147344
1.587568	13232.840689	355.562572
1.588656	13232.780146	353.983567
1.589744	13232.709583	352.410350
1.590832	13232.629278	350.842941
1.591920	13232.539510	349.281359
1.593008	13232.440559	347.725622
1.594096	13232.332704	346.175748
1.595184	13232.216222	344.631754
1.596272	13232.091395	343.093657
1.597360	13231.958500	341.561473
1.598448	13231.817817	340.035217
1.599537	13231.669625	338.514905
1.600625	13231.514203	337.000551
1.601713	13231.351830	335.492167
1.602801	13231.182785	333.989769
1.603889	13231.007347	332.493368
1.604977	13230.825795	331.002976
1.606065	13230.638408	329.518606
1.607153	13230.445466	328.040267
1.608241	13230.247247	326.567972
1.609329	13230.044030	325.101729
1.610417	13229.836095	323.641549
1.611506	13229.623720	322.187440
1.612594	13229.407185	320.739411
1.613682	13229.186769	319.297470
1.614770	13228.962751	317.861625
1.615858	13228.735409	316.431882
1.616946	13228.505023	315.008248
1.618034	13228.271872	313.590730
1.619122	13228.036235	312.179333
1.620210	13227.798391	310.774062
1.621298	13227.558620	309.374922
1.622386	13227.317025	307.981895
1.623474	13227.071642	306.594701
1.624563	13226.821813	305.213235
1.625651	13226.567497	303.837469
1.626739	13226.308652	302.467379
1.627827	13226.045236	301.102939
1.628915	13225.777209	299.744121
1.630003	13225.504527	298.390902
1.631091	13225.227150	297.043256
1.632179	13224.945037	295.701157
1.633267	13224.658145	294.364580
1.634355	13224.366433	293.033501
1.635443	13224.069860	291.707895
1.636532	13223.768383	290.387737
1.637620	13223.461962	289.073003
1.638708	13223.150555	287.763668
1.639796	13222.834119	286.459708
1.640884	13222.512615	285.161099
1.641972	13222.185999	283.867818
1.643060	13221.854231	282.579840
1.644148	13221.517269	281.297143
1.645236	13221.175071	280.019702
1.646324	13220.827596	278.747494
1.647412	13220.474802	277.480496
1.648501	13220.116648	276.218685
1.649589	13219.753091	274.962039
1.650677	13219.384091	273.710534
1.651765	13219.009607	272.464147
1.652853	13218.629595	271.222857
1.653941	13218.244015	269.986642
1.655029	13217.852825	268.755478
1.656117	13217.455984	267.529343
1.657205	13217.053450	266.308217
1.658293	13216.645182	265.092076
1.659381	13216.231137	263.880900
1.660469	13215.811277	262.674666
1.661558	13215.386139	261.473409
1.662646	13214.956143	260.277145
1.663734	13214.521238	259.085849
1.664822	13214.081374	257.899491
1.665910	13213.636502	256.718046
1.666998	13213.186573	255.541485
1.668086	13212.731535	254.369784
1.669174	13212.271340	253.202914
1.670262	13211.805938	252.040850
1.671350	13211.335279	250.883566
1.672438	13210.859313	249.731036
1.673527	13210.377991	248.583234
1.674615	13209.891262	247.440135
1.675703	13209.399078	246.301713
1.676791	13208.901388	245.167943
1.677879	13208.398142	244.038801
1.678967	13207.889291	242.914261
1.680055	13207.374784	241.794299
1.681143	13206.854573	240.678891
1.682231	13206.328608	239.568013
1.683319	13205.796838	238.461639
1.684407	13205.259214	237.359748
1.685495	13204.715686	236.262315
1.686584	13204.166205	235.169316
1.687672	13203.610720	234.080728
1.688760	13203.049182	232.996529
1.689848	13202.481541	231.916695
1.690936	13201.907748	230.841204
1.692024	13201.327752	229.770032
1.693112	13200.741504	228.703158
1.694200	13200.148954	227.640560
1.695288	13199.550053	226.582214
1.696376	13198.944750	225.528100
1.697464	13198.333019	224.478197
1.698553	13197.715599	223.432562
1.699641	13197.092819	222.391212
1.700729	13196.464620	221.354124
1.701817	13195.830941	220.321278
1.702905	13195.191724	219.292652
1.703993	13194.546910	218.268226
1.705081	13193.896439	217.247978
1.706169	13193.240253	216.231889
1.707257	13192.578292	215.219936
1.708345	13191.910496	214.212101
1.709433	13191.236807	213.208362
1.710522	13190.557166	212.208701
1.711610	13189.871512	211.213096
1.712698	13189.179788	210.221528
1.713786	13188.481933	209.233978
1.714874	13187.777889	208.250425
1.715962	13187.067597	207.270852
1.717050	13186.350996	206.295237
1.718138	13185.628029	205.323563
1.719226	13184.898635	204.355810
1.720314	13184.162756	203.391960
1.721402	13183.420332	202.431994
1.722490	13182.671304	201.475893
1.723579	13181.915613	200.523640
1.724667	13181.153200	199.575215
1.725755	13180.384005	198.630600
1.726843	13179.607970	197.689778
1.727931	13178.825034	196.752731
1.729019	13178.035140	195.819441
1.730107	13177.238227	194.889891
1.731195	13176.434237	193.964062
1.732283	13175.623110	193.041938
1.733371	13174.805199	192.123531
1.734459	13173.981368	191.208892
1.735548	13173.151579	190.298002
1.736636	13172.315761	189.390841
1.737724	13171.473842	188.487390
1.738812	13170.625751	187.587629
1.739900	13169.771417	186.691538
1.740988	13168.910767	185.799099
1.742076	13168.043731	184.910291
1.743164	13167.170236	184.025096
1.744252	13166.290212	183.143496
1.745340	13165.403586	182.265471
1.746428	13164.510288	181.391002
1.747517	13163.610245	180.520072
1.748605	13162.703387	179.652662
1.749693	13161.789641	178.788754
1.750781	13160.868936	177.928329
1.751869	13159.941201	177.071371
1.752957	13159.006364	176.217862
1.754045	13158.064354	175.367783
1.755133	13157.115098	174.521117
1.756221	13156.158526	173.677848
1.757309	13155.194566	172.837958
1.758397	13154.223146	172.001429
1.759485	13153.244195	171.168246
1.760574	13152.257642	170.338392
1.761662	13151.263414	169.511849
1.762750	13150.261441	168.688601
1.763838	13149.251651	167.868633
1.764926	13148.233972	167.051927
1.766014	13147.208332	166.238468
1.767102	13146.175156	165.428273
1.768190	13145.135431	164.621395
1.769278	13144.089106	163.817819
1.770366	13143.036091	163.017527
1.771454	13141.976301	162.220502
1.772543	13140.909647	161.426726
1.773631	13139.836042	160.636182
1.774719	13138.755397	159.848853
1.775807	13137.667625	159.064723
1.776895	13136.572638	158.283773
1.777983	13135.470349	157.505988
1.779071	13134.360670	156.731351
1.780159	13133.243512	155.959846
1.781247	13132.118789	155.191457
1.782335	13130.986413	154.426167
1.783423	13129.846295	153.663960
1.784512	13128.698348	152.904821
1.785600	13127.542485	152.148734
1.786688	13126.378617	151.395684
1.787776	13125.206657	150.645654
1.788864	13124.026517	149.898631
1.789952	13122.838110	149.154597
1.791040	13121.641347	148.413540
1.792128	13120.436141	147.675443
1.793216	13119.222404	146.940292
1.794304	13118.000049	146.208072
1.795392	13116.768988	145.478769
1.796480	13115.529132	144.752368
1.797569	13114.280395	144.028856
1.798657	13113.022739	143.308221
1.799745	13111.757361	142.590531
1.800833	13110.484716	141.875804
1.801921	13109.204692	141.164022
1.803009	13107.917179	140.455167
1.804097	13106.622065	139.749219
1.805185	13105.319239	139.046162
1.806273	13104.008590	138.345977
1.807361	13102.690007	137.648646
1.808449	13101.363378	136.954153
1.809538	13100.028593	136.262479
1.810626	13098.685541	135.573607
1.811714	13097.334110	134.887520
1.812802	13095.974190	134.204202
1.813890	13094.605668	133.523636
1.814978	13093.228435	132.845805
1.816066	13091.842378	132.170693
1.817154	13090.447388	131.498284
1.818242	13089.043352	130.828562
1.819330	13087.630159	130.161510
1.820418	13086.207699	129.497113
1.821507	13084.775861	128.835356
1.822595	13083.334533	128.176223
1.823683	13081.883603	127.519699
1.824771	13080.422962	126.865769
1.825859	13078.952498	126.214418
1.826947	13077.472099	125.565631
1.828035	13075.981656	124.919393
1.829123	13074.481067	124.275691
1.830211	13072.971584	123.634595
1.831299	13071.454006	122.996147
1.832387	13069.928191	122.360330
1.833475	13068.393995	121.727124
1.834564	13066.851274	121.096514
1.835652	13065.299884	120.468481
1.836740	13063.739681	119.843009
1.837828	13062.170524	119.220080
1.838916	13060.592266	118.599677
1.840004	13059.004766	117.981785
1.841092	13057.407880	117.366387
1.842180	13055.801463	116.753467
1.843268	13054.185372	116.143008
1.844356	13052.559464	115.534995
1.845444	13050.923596	114.929411
1.846533	13049.277622	114.326243
1.847621	13047.621401	113.725474
1.848709	13045.954788	113.127088
1.849797	13044.277639	112.531072
1.850885	13042.589812	111.937410
1.851973	13040.891162	111.346088
1.853061	13039.181547	110.757091
1.854149	13037.460821	110.170405
1.855237	13035.728842	109.586016
1.856325	13033.985467	109.003909
1.857413	13032.230550	108.424071
1.858502	13030.464170	107.846500
1.859590	13028.688268	107.271293
1.860678	13026.903183	106.698460
1.861766	13025.108728	106.127985
1.862854	13023.304716	105.559850
1.863942	13021.490963	104.994038
1.865030	13019.667282	104.430533
1.866118	13017.833486	103.869319
1.867206	13015.989390	103.310380
1.868294	13014.134807	102.753699
1.869382	13012.269552	102.199261
1.870470	13010.393437	101.647051
1.871559	13008.506277	101.097052
1.872647	13006.607886	100.549250
1.873735	13004.698077	100.003630
1.874823	13002.776664	99.460177
1.875911	13000.843462	98.918877
1.876999	12998.898283	98.379714
1.878087	12996.940943	97.842675
1.879175	12994.971254	97.307746
1.880263	12992.989030	96.774913
1.881351	12990.994086	96.244161
1.882439	12988.986234	95.715478
1.883528	12986.965290	95.188850
1.884616	12984.931067	94.664264
1.885704	12982.883401	94.141708
1.886792	12980.824224	93.621271
1.887880	12978.754688	93.103003
1.888968	12976.674544	92.586883
1.890056	12974.583544	92.072893
1.891144	12972.481437	91.561016
1.892232	12970.367976	91.051233
1.893320	12968.242911	90.543525
1.894408	12966.105992	90.037876
1.895496	12963.956972	89.534267
1.896585	12961.795601	89.032682
1.897673	12959.621629	88.533104
1.898761	12957.434809	88.035515
1.899849	12955.234890	87.539900
1.900937	12953.021624	87.046242
1.902025	12950.794763	86.554525
1.903113	12948.554056	86.064733
1.904201	12946.299254	85.576851
1.905289	12944.030110	85.090863
1.906377	12941.746373	84.606755
1.907465	12939.447796	84.124511
1.908554	12937.134127	83.644116
1.909642	12934.805120	83.165557
1.910730	12932.460524	82.688819
1.911818	12930.100244	82.213895
1.912906	12927.727162	81.740914
1.913994	12925.342189	81.269912
1.915082	12922.944982	80.800869
1.916170	12920.535192	80.333762
1.917258	12918.112474	79.868571
1.918346	12915.676481	79.405276
1.919434	12913.226868	78.943856
1.920523	12910.763288	78.484292
1.921611	12908.285394	78.026564
1.922699	12905.792840	77.570653
1.923787	12903.285281	77.116540
1.924875	12900.762369	76.664206
1.925963	12898.223758	76.213633
1.927051	12895.669103	75.764803
1.928139	12893.098057	75.317698
1.929227	12890.510273	74.872301
1.930315	12887.905406	74.428595
1.931403	12885.283108	73.986562
1.932491	12882.643034	73.546187
1.933580	12879.984838	73.107452
1.934668	12877.308172	72.670343
1.935756	12874.612692	72.234843
1.936844	12871.900162	71.801024
1.937932	12869.174011	71.369027
1.939020	12866.433819	70.938829
1.940108	12863.679085	70.510407
1.941196	12860.909305	70.083735
1.942284	12858.123979	69.658790
1.943372	12855.322605	69.235549
1.944460	12852.504679	68.813988
1.945549	12849.669701	68.394085
1.946637	12846.817168	67.975818
1.947725	12843.946577	67.559165
1.948813	12841.057428	67.144105
1.949901	12838.149218	66.730616
1.950989	12835.221445	66.318678
1.952077	12832.273607	65.908271
1.953165	12829.305202	65.499374
1.954253	12826.315727	65.091969
1.955341	12823.304682	64.686036
1.956429	12820.271563	64.281557
1.957518	12817.215869	63.878513
1.958606	12814.137098	63.476887
1.959694	12811.037827	63.076777
1.960782	12807.922647	62.678359
1.961870	12804.790884	62.281603
1.962958	12801.641771	61.886475
1.964046	12798.474543	61.492945
1.965134	12795.288435	61.100982
1.966222	12792.082681	60.710554
1.967310	12788.856517	60.321632
1.968398	12785.609176	59.934187
1.969486	12782.339894	59.548190
1.970575	12779.047905	59.163612
1.971663	12775.732445	58.780427
1.972751	12772.392746	58.398606
1.973839	12769.028045	58.018124
1.974927	12765.637576	57.638955
1.976015	12762.220573	57.261073
1.977103	12758.776272	56.884454
1.978191	12755.303907	56.509073
1.979279	12751.802713	56.134906
1.980367	12748.272664	55.761958
1.981455	12744.721799	55.390516
1.982544	12741.151546	55.020629
1.983632	12737.560674	54.652252
1.984720	12733.947951	54.285340
1.985808	12730.312145	53.919849
1.986896	12726.652025	53.555739
1.987984	12722.966358	53.192966
1.989072	12719.253913	52.831489
1.990160	12715.513459	52.471270
1.991248	12711.743763	52.112270
1.992336	12707.943594	51.754449
1.993424	12704.111721	51.397772
1.994513	12700.246911	51.042201
1.995601	12696.347932	50.687701
1.996689	12692.413554	50.334239
1.997777	12688.442545	49.981779
1.998865	12684.433672	49.630290
1.999953	12680.386860	49.279777
2.001041	12676.314333	48.930645
2.002129	12672.218022	48.582958
2.003217	12668.095812	48.236646
2.004305	12663.945589	47.891643
2.005393	12659.765239	47.547884
2.006481	12655.552647	47.205303
2.007570	12651.305701	46.863840
2.008658	12647.022285	46.523432
2.009746	12642.700285	46.184020
2.010834	12638.337587	45.845547
2.011922	12633.932076	45.507956
2.013010	12629.481640	45.171192
2.014098	12624.984163	44.835201
2.015186	12620.437531	44.499931
2.016274	12615.839630	44.165331
2.017362	12611.188347	43.831353
2.018450	12606.494492	43.498337
2.019539	12601.772159	43.166713
2.020627	12597.017518	42.836367
2.021715	12592.226651	42.507186
2.022803	12587.395639	42.179060
2.023891	12582.520562	41.851881
2.024979	12577.597500	41.525544
2.026067	12572.622536	41.199946
2.027155	12567.591748	40.874988
2.028243	12562.501219	40.550572
2.029331	12557.347028	40.226606
2.030419	12552.125256	39.902998
2.031508	12546.831985	39.579658
2.032596	12541.463295	39.256501
2.033684	12536.015793	38.933459
2.034772	12530.518188	38.611353
2.035860	12524.982964	38.290539
2.036948	12519.402093	37.970800
2.038036	12513.767546	37.651928
2.039124	12508.071298	37.333717
2.040212	12502.305319	37.015969
2.041300	12496.461584	36.698492
2.042388	12490.532064	36.381098
2.043476	12484.508732	36.063605
2.044565	12478.383561	35.745838
2.045653	12472.148522	35.427626
2.046741	12465.795589	35.108805
2.047829	12459.317135	34.789226
2.048917	12452.763808	34.470232
2.050005	12446.161983	34.152512
2.051093	12439.492881	33.835603
2.052181	12432.737724	33.519052
2.053269	12425.877733	33.202422
2.054357	12418.894128	32.885288
2.055445	12411.768131	32.567240
2.056534	12404.480964	32.247881
2.057622	12397.013846	31.926827
2.058710	12389.348000	31.603709
2.059798	12381.464646	31.278171
2.060886	12373.429424	30.951869
2.061974	12365.342453	30.627213
2.063062	12357.152543	30.303017
2.064150	12348.806362	29.978079
2.065238	12340.250580	29.651241
2.066326	12331.431865	29.321385
2.067414	12322.296885	28.987434
2.068503	12312.792308	28.648353
2.069591	12302.864802	28.303153
2.070679	12292.566356	27.953208
2.071767	12282.250934	27.606436
2.072855	12271.774308	27.259695
2.073943	12260.931249	26.908652
2.075031	12249.516531	26.549146
2.076119	12237.324924	26.177196
2.077207	12224.151201	25.789008
2.078295	12209.934783	25.383973
2.079383	12196.102680	24.991768
2.080471	12181.979010	24.598492
2.081560	12166.168361	24.176602
2.082648	12147.275323	23.700006
2.083736	12124.251375	23.151551
2.084824	12103.952783	22.674926
2.085912	12076.692687	22.070192
2.087000	12015.872653	20.846146
