1.000000	13309.217038	5098.514977
1.000646	13309.125439	5080.962070
1.001291	13309.033444	5063.475611
1.001937	13308.941052	5046.055335
1.002583	13308.848260	5028.700975
1.003228	13308.755068	5011.412268
1.003874	13308.661474	4994.188952
1.004520	13308.567476	4977.030763
1.005165	13308.473072	4959.937443
1.005811	13308.378260	4942.908730
1.006456	13308.283040	4925.944368
1.007102	13308.187409	4909.044098
1.007748	13308.091369	4892.207622
1.008393	13307.994950	4875.434301
1.009039	13307.898157	4858.723791
1.009685	13307.800991	4842.075844
1.010330	13307.703448	4825.490215
1.010976	13307.605528	4808.966658
1.011622	13307.507229	4792.504930
1.012267	13307.408550	4776.104787
1.012913	13307.309489	4759.765987
1.013559	13307.210045	4743.488290
1.014204	13307.110216	4727.271455
1.014850	13307.010001	4711.115243
1.015495	13306.909398	4695.019417
1.016141	13306.808406	4678.983739
1.016787	13306.707024	4663.007974
1.017432	13306.605250	4647.091886
1.018078	13306.503082	4631.235241
1.018724	13306.400519	4615.437807
1.019369	13306.297560	4599.699351
1.020015	13306.194202	4584.019642
1.020661	13306.090446	4568.398451
1.021306	13305.986288	4552.835547
1.021952	13305.881729	4537.330702
1.022598	13305.776765	4521.883690
1.023243	13305.671397	4506.494284
1.023889	13305.565621	4491.162259
1.024535	13305.459438	4475.887390
1.025180	13305.352845	4460.669453
1.025826	13305.245841	4445.508227
1.026471	13305.138424	4430.403489
1.027117	13305.030594	4415.355018
1.027763	13304.922347	4400.362596
1.028408	13304.813684	4385.426003
1.029054	13304.704603	4370.545020
1.029700	13304.595102	4355.719432
1.030345	13304.485179	4340.949021
1.030991	13304.374834	4326.233573
1.031637	13304.264064	4311.572873
1.032282	13304.152869	4296.966708
1.032928	13304.041246	4282.414865
1.033574	13303.929195	4267.917132
1.034219	13303.816719	4253.473227
1.034865	13303.703846	4239.082613
1.035511	13303.590576	4224.745039
1.036156	13303.476909	4210.460299
1.036802	13303.362844	4196.228188
1.037447	13303.248379	4182.048501
1.038093	13303.133513	4167.921034
1.038739	13303.018245	4153.845584
1.039384	13302.902574	4139.821948
1.040030	13302.786499	4125.849926
1.040676	13302.670017	4111.929317
1.041321	13302.553129	4098.059920
1.041967	13302.435833	4084.241538
1.042613	13302.318127	4070.473972
1.043258	13302.200011	4056.757025
1.043904	13302.081483	4043.090501
1.044550	13301.962542	4029.474204
1.045195	13301.843186	4015.907940
1.045841	13301.723416	4002.391513
1.046486	13301.603228	3988.924732
1.047132	13301.482623	3975.507404
1.047778	13301.361599	3962.139338
1.048423	13301.240154	3948.820342
1.049069	13301.118288	3935.550226
1.049715	13300.995999	3922.328803
1.050360	13300.873287	3909.155882
1.051006	13300.750149	3896.031278
1.051652	13300.626584	3882.954802
1.052297	13300.502592	3869.926269
1.052943	13300.378172	3856.945493
1.053589	13300.253321	3844.012290
1.054234	13300.128039	3831.126477
1.054880	13300.002325	3818.287870
1.055526	13299.876177	3805.496287
1.056171	13299.749594	3792.751547
1.056817	13299.622575	3780.053469
1.057462	13299.495118	3767.401873
1.058108	13299.367223	3754.796580
1.058754	13299.238889	3742.237411
1.059399	13299.110113	3729.724189
1.060045	13298.980896	3717.256736
1.060691	13298.851236	3704.834863
1.061336	13298.721157	3692.458144
1.061982	13298.590669	3680.126309
1.062628	13298.459769	3667.839187
1.063273	13298.328456	3655.596609
1.063919	13298.196728	3643.398404
1.064565	13298.064585	3631.244405
1.065210	13297.932025	3619.134441
1.065856	13297.799046	3607.068347
1.066502	13297.665648	3595.045956
1.067147	13297.531828	3583.067100
1.067793	13297.397586	3571.131616
1.068438	13297.262919	3559.239337
1.069084	13297.127828	3547.390101
1.069730	13296.992310	3535.583742
1.070375	13296.856363	3523.820100
1.071021	13296.719988	3512.099011
1.071667	13296.583181	3500.420315
1.072312	13296.445943	3488.783849
1.072958	13296.308271	3477.189455
1.073604	13296.170164	3465.636973
1.074249	13296.031621	3454.126243
1.074895	13295.892640	3442.657108
1.075541	13295.753220	3431.229411
1.076186	13295.613360	3419.842993
1.076832	13295.473059	3408.497699
1.077477	13295.332314	3397.193373
1.078123	13295.191124	3385.929861
1.078769	13295.049489	3374.707007
1.079414	13294.907407	3363.524659
1.080060	13294.764876	3352.382662
1.080706	13294.621895	3341.280864
1.081351	13294.478463	3330.219114
1.081997	13294.334578	3319.197259
1.082643	13294.190239	3308.215150
1.083288	13294.045445	3297.272637
1.083934	13293.900194	3286.369569
1.084580	13293.754485	3275.505798
1.085225	13293.608316	3264.681175
1.085871	13293.461686	3253.895554
1.086517	13293.314595	3243.148786
1.087162	13293.167039	3232.440726
1.087808	13293.019024	3221.771186
1.088453	13292.870579	3211.139805
1.089099	13292.721705	3200.546408
1.089745	13292.572401	3189.990849
1.090390	13292.422666	3179.472986
1.091036	13292.272499	3168.992677
1.091682	13292.121898	3158.549778
1.092327	13291.970861	3148.144149
1.092973	13291.819387	3137.775648
1.093619	13291.667475	3127.444136
1.094264	13291.515123	3117.149472
1.094910	13291.362329	3106.891517
1.095556	13291.209093	3096.670132
1.096201	13291.055412	3086.485180
1.096847	13290.901285	3076.336523
1.097492	13290.746711	3066.224024
1.098138	13290.591689	3056.147546
1.098784	13290.436216	3046.106954
1.099429	13290.280291	3036.102113
1.100075	13290.123913	3026.132887
1.100721	13289.967081	3016.199142
1.101366	13289.809792	3006.300746
1.102012	13289.652046	2996.437564
1.102658	13289.493841	2986.609464
1.103303	13289.335175	2976.816315
1.103949	13289.176047	2967.057984
1.104595	13289.016455	2957.334341
1.105240	13288.856399	2947.645255
1.105886	13288.695876	2937.990596
1.106532	13288.534885	2928.370236
1.107177	13288.373425	2918.784045
1.107823	13288.211494	2909.231895
1.108468	13288.049091	2899.713658
1.109114	13287.886213	2890.229206
1.109760	13287.722861	2880.778414
1.110405	13287.559032	2871.361155
1.111051	13287.394724	2861.977303
1.111697	13287.229937	2852.626733
1.112342	13287.064668	2843.309320
1.112988	13286.898917	2834.024941
1.113634	13286.732682	2824.773470
1.114279	13286.565961	2815.554786
1.114925	13286.398757	2806.368749
1.115571	13286.231101	2797.215079
1.116216	13286.063002	2788.093613
1.116862	13285.894457	2779.004233
1.117508	13285.725464	2769.946818
1.118153	13285.556022	2760.921248
1.118799	13285.386129	2751.927406
1.119444	13285.215782	2742.965172
1.120090	13285.044981	2734.034428
1.120736	13284.873723	2725.135058
1.121381	13284.702006	2716.266945
1.122027	13284.529829	2707.429971
1.122673	13284.357190	2698.624022
1.123318	13284.184087	2689.848981
1.123964	13284.010517	2681.104733
1.124610	13283.836481	2672.391164
1.125255	13283.661974	2663.708160
1.125901	13283.486997	2655.055608
1.126547	13283.311546	2646.433393
1.127192	13283.135620	2637.841404
1.127838	13282.959218	2629.279527
1.128483	13282.782336	2620.747652
1.129129	13282.604975	2612.245666
1.129775	13282.427131	2603.773460
1.130420	13282.248803	2595.330921
1.131066	13282.069989	2586.917941
1.131712	13281.890687	2578.534410
1.132357	13281.710896	2570.180219
1.133003	13281.530613	2561.855258
1.133649	13281.349837	2553.559420
1.134294	13281.168566	2545.292597
1.134940	13280.986798	2537.054681
1.135586	13280.804532	2528.845566
1.136231	13280.621764	2520.665145
1.136877	13280.438495	2512.513311
1.137523	13280.254721	2504.389960
1.138168	13280.070442	2496.294985
1.138814	13279.885654	2488.228282
1.139459	13279.700357	2480.189747
1.140105	13279.514549	2472.179276
1.140751	13279.328227	2464.196764
1.141396	13279.141390	2456.242109
1.142042	13278.954036	2448.315209
1.142688	13278.766185	2440.415898
1.143333	13278.577869	2432.543976
1.143979	13278.389088	2424.699340
1.144625	13278.199838	2416.881889
1.145270	13278.010118	2409.091523
1.145916	13277.819925	2401.328141
1.146562	13277.629257	2393.591644
1.147207	13277.438112	2385.881931
1.147853	13277.246488	2378.198905
1.148498	13277.054383	2370.542465
1.149144	13276.861794	2362.912515
1.149790	13276.668719	2355.308956
1.150435	13276.475157	2347.731690
1.151081	13276.281104	2340.180622
1.151727	13276.086559	2332.655653
1.152372	13275.891520	2325.156688
1.153018	13275.695984	2317.683631
1.153664	13275.499949	2310.236386
1.154309	13275.303413	2302.814859
1.154955	13275.106374	2295.418954
1.155601	13274.908830	2288.048578
1.156246	13274.710778	2280.703635
1.156892	13274.512216	2273.384034
1.157538	13274.313143	2266.089679
1.158183	13274.113555	2258.820480
1.158829	13273.913452	2251.576343
1.159474	13273.712829	2244.357175
1.160120	13273.511687	2237.162886
1.160766	13273.310021	2229.993385
1.161411	13273.107831	2222.848579
1.162057	13272.905113	2215.728379
1.162703	13272.701866	2208.632694
1.163348	13272.498087	2201.561434
1.163994	13272.293775	2194.514510
1.164640	13272.088927	2187.491833
1.165285	13271.883541	2180.493313
1.165931	13271.677615	2173.518863
1.166577	13271.471146	2166.568394
1.167222	13271.264133	2159.641819
1.167868	13271.056573	2152.739049
1.168514	13270.848464	2145.859999
1.169159	13270.639804	2139.004581
1.169805	13270.430591	2132.172710
1.170450	13270.220855	2125.364231
1.171096	13270.010622	2118.579003
1.171742	13269.799890	2111.816943
1.172387	13269.588656	2105.077965
1.173033	13269.376919	2098.361987
1.173679	13269.164676	2091.668923
1.174324	13268.951926	2084.998690
1.174970	13268.738667	2078.351207
1.175616	13268.524896	2071.726389
1.176261	13268.310612	2065.124155
1.176907	13268.095812	2058.544423
1.177553	13267.880495	2051.987111
1.178198	13267.664658	2045.452137
1.178844	13267.448299	2038.939421
1.179489	13267.231417	2032.448882
1.180135	13267.014009	2025.980439
1.180781	13266.796074	2019.534013
1.181426	13266.577609	2013.109523
1.182072	13266.358612	2006.706891
1.182718	13266.139081	2000.326036
1.183363	13265.919015	1993.966881
1.184009	13265.698411	1987.629347
1.184655	13265.477267	1981.313355
1.185300	13265.255581	1975.018828
1.185946	13265.033351	1968.745688
1.186592	13264.810576	1962.493857
1.187237	13264.587252	1956.263260
1.187883	13264.363379	1950.053819
1.188529	13264.138954	1943.865458
1.189174	13263.913974	1937.698100
1.189820	13263.688439	1931.551671
1.190465	13263.462346	1925.426094
1.191111	13263.235692	1919.321295
1.191757	13263.008477	1913.237199
1.192402	13262.780697	1907.173730
1.193048	13262.552351	1901.130815
1.193694	13262.323437	1895.108380
1.194339	13262.093953	1889.106351
1.194985	13261.863896	1883.124655
1.195631	13261.633266	1877.163219
1.196276	13261.402059	1871.221969
1.196922	13261.170274	1865.300833
1.197568	13260.937908	1859.399740
1.198213	13260.704983	1853.518563
1.198859	13260.471522	1847.657170
1.199505	13260.237525	1841.815489
1.200150	13260.002991	1835.993451
1.200796	13259.767917	1830.190988
1.201441	13259.532303	1824.408031
1.202087	13259.296148	1818.644510
1.202733	13259.059449	1812.900357
1.203378	13258.822206	1807.175505
1.204024	13258.584417	1801.469885
1.204670	13258.346081	1795.783429
1.205315	13258.107196	1790.116072
1.205961	13257.867761	1784.467744
1.206607	13257.627775	1778.838380
1.207252	13257.387237	1773.227912
1.207898	13257.146144	1767.636275
1.208544	13256.904496	1762.063402
1.209189	13256.662291	1756.509228
1.209835	13256.419528	1750.973687
1.210480	13256.176205	1745.456714
1.211126	13255.932322	1739.958242
1.211772	13255.687876	1734.478209
1.212417	13255.442866	1729.016548
1.213063	13255.197292	1723.573197
1.213709	13254.951151	1718.148089
1.214354	13254.704443	1712.741162
1.215000	13254.457165	1707.352353
1.215646	13254.209317	1701.981597
1.216291	13253.960897	1696.628831
1.216937	13253.711904	1691.293993
1.217583	13253.462336	1685.977019
1.218228	13253.212192	1680.677848
1.218874	13252.961471	1675.396418
1.219520	13252.710172	1670.132665
1.220165	13252.458292	1664.886529
1.220811	13252.205831	1659.657947
1.221456	13251.952787	1654.446859
1.222102	13251.699159	1649.253204
1.222748	13251.444945	1644.076921
1.223393	13251.190145	1638.917948
1.224039	13250.934756	1633.776227
1.224685	13250.678777	1628.651696
1.225330	13250.422208	1623.544295
1.225976	13250.165051	1618.453940
1.226622	13249.907319	1613.380478
1.227267	13249.649016	1608.323843
1.227913	13249.390140	1603.283977
1.228559	13249.130691	1598.260825
1.229204	13248.870670	1593.254329
1.229850	13248.610077	1588.264432
1.230495	13248.348911	1583.291079
1.231141	13248.087172	1578.334214
1.231787	13247.824860	1573.393779
1.232432	13247.561976	1568.469721
1.233078	13247.298518	1563.561983
1.233724	13247.034488	1558.670510
1.234369	13246.769885	1553.795248
1.235015	13246.504709	1548.936140
1.235661	13246.238959	1544.093132
1.236306	13245.972637	1539.266171
1.236952	13245.705741	1534.455200
1.237598	13245.438272	1529.660168
1.238243	13245.170229	1524.881018
1.238889	13244.901613	1520.117699
1.239535	13244.632424	1515.370155
1.240180	13244.362661	1510.638335
1.240826	13244.092324	1505.922184
1.241471	13243.821414	1501.221650
1.242117	13243.549930	1496.536679
1.242763	13243.277873	1491.867220
1.243408	13243.005241	1487.213220
1.244054	13242.732036	1482.574626
1.244700	13242.458257	1477.951387
1.245345	13242.183904	1473.343451
1.245991	13241.908976	1468.750766
1.246637	13241.633475	1464.173280
1.247282	13241.357399	1459.610942
1.247928	13241.080749	1455.063702
1.248574	13240.803525	1450.531507
1.249219	13240.525727	1446.014308
1.249865	13240.247354	1441.512054
1.250511	13239.968406	1437.024694
1.251156	13239.688884	1432.552178
1.251802	13239.408788	1428.094456
1.252447	13239.128117	1423.651478
1.253093	13238.846871	1419.223195
1.253739	13238.565050	1414.809555
1.254384	13238.282644	1410.410426
1.255030	13237.999648	1406.025703
1.255676	13237.716062	1401.655339
1.256321	13237.431888	1397.299287
1.256967	13237.147126	1392.957501
1.257613	13236.861779	1388.629935
1.258258	13236.575848	1384.316543
1.258904	13236.289333	1380.017277
1.259550	13236.002236	1375.732094
1.260195	13235.714558	1371.460947
1.260841	13235.426301	1367.203790
1.261486	13235.137465	1362.960578
1.262132	13234.848053	1358.731265
1.262778	13234.558064	1354.515807
1.263423	13234.267502	1350.314159
1.264069	13233.976365	1346.126276
1.264715	13233.684657	1341.952113
1.265360	13233.392378	1337.791625
1.266006	13233.099529	1333.644769
1.266652	13232.806112	1329.511500
1.267297	13232.512128	1325.391773
1.267943	13232.217578	1321.285546
1.268589	13231.922463	1317.192773
1.269234	13231.626786	1313.113412
1.269880	13231.330546	1309.047420
1.270526	13231.033745	1304.994751
1.271171	13230.736384	1300.955364
1.271817	13230.438466	1296.929216
1.272462	13230.139990	1292.916262
1.273108	13229.840958	1288.916461
1.273754	13229.541372	1284.929770
1.274399	13229.241232	1280.956147
1.275045	13228.940540	1276.995548
1.275691	13228.639298	1273.047931
1.276336	13228.337505	1269.113256
1.276982	13228.035165	1265.191479
1.277628	13227.732277	1261.282558
1.278273	13227.428843	1257.386453
1.278919	13227.124865	1253.503121
1.279565	13226.820343	1249.632521
1.280210	13226.515279	1245.774611
1.280856	13226.209675	1241.929352
1.281502	13225.903530	1238.096700
1.282147	13225.596846	1234.276608
1.282793	13225.289605	1230.468943
1.283438	13224.981803	1226.673638
1.284084	13224.673440	1222.890653
1.284730	13224.364518	1219.119947
1.285375	13224.055035	1215.361481
1.286021	13223.744993	1211.615213
1.286667	13223.434392	1207.881104
1.287312	13223.123233	1204.159113
1.287958	13222.811515	1200.449202
1.288604	13222.499239	1196.751331
1.289249	13222.186406	1193.065459
1.289895	13221.873016	1189.391548
1.290541	13221.559069	1185.729558
1.291186	13221.244565	1182.079451
1.291832	13220.929506	1178.441187
1.292477	13220.613891	1174.814727
1.293123	13220.297722	1171.200033
1.293769	13219.980997	1167.597067
1.294414	13219.663718	1164.005789
1.295060	13219.345885	1160.426161
1.295706	13219.027499	1156.858146
1.296351	13218.708560	1153.301705
1.296997	13218.389067	1149.756801
1.297643	13218.069023	1146.223394
1.298288	13217.748426	1142.701449
1.298934	13217.427278	1139.190927
1.299580	13217.105578	1135.691791
1.300225	13216.783328	1132.204004
1.300871	13216.460527	1128.727528
1.301517	13216.137176	1125.262326
1.302162	13215.813276	1121.808362
1.302808	13215.488826	1118.365599
1.303453	13215.163828	1114.933999
1.304099	13214.838281	1111.513528
1.304745	13214.512185	1108.104147
1.305390	13214.185543	1104.705822
1.306036	13213.858352	1101.318515
1.306682	13213.530615	1097.942191
1.307327	13213.202332	1094.576813
1.307973	13212.873502	1091.222347
1.308619	13212.544127	1087.878756
1.309264	13212.214206	1084.546005
1.309910	13211.883740	1081.224058
1.310556	13211.552736	1077.912878
1.311201	13211.221251	1074.612410
1.311847	13210.889295	1071.322610
1.312492	13210.556862	1068.043438
1.313138	13210.223945	1064.774855
1.313784	13209.890540	1061.516821
1.314429	13209.556639	1058.269297
1.315075	13209.222238	1055.032244
1.315721	13208.887330	1051.805623
1.316366	13208.551909	1048.589396
1.317012	13208.215970	1045.383523
1.317658	13207.879506	1042.187967
1.318303	13207.542511	1039.002690
1.318949	13207.204980	1035.827653
1.319595	13206.866907	1032.662818
1.320240	13206.528286	1029.508149
1.320886	13206.189110	1026.363607
1.321532	13205.849375	1023.229154
1.322177	13205.509073	1020.104755
1.322823	13205.168200	1016.990371
1.323468	13204.826748	1013.885967
1.324114	13204.484713	1010.791504
1.324760	13204.142089	1007.706947
1.325405	13203.798868	1004.632259
1.326051	13203.455046	1001.567404
1.326697	13203.110617	998.512346
1.327342	13202.765574	995.467049
1.327988	13202.419912	992.431477
1.328634	13202.073625	989.405595
1.329279	13201.726707	986.389367
1.329925	13201.379152	983.382757
1.330571	13201.030953	980.385731
1.331216	13200.682106	977.398253
1.331862	13200.332604	974.420289
1.332508	13199.982441	971.451804
1.333153	13199.631612	968.492764
1.333799	13199.280110	965.543133
1.334444	13198.927930	962.602878
1.335090	13198.575065	959.671965
1.335736	13198.221509	956.750359
1.336381	13197.867258	953.838027
1.337027	13197.512304	950.934935
1.337673	13197.156642	948.041049
1.338318	13196.800267	945.156336
1.338964	13196.443185	942.280770
1.339610	13196.085619	939.414425
1.340255	13195.727633	936.557297
1.340901	13195.369210	933.709345
1.341547	13195.010335	930.870527
1.342192	13194.650991	928.040802
1.342838	13194.291161	925.220129
1.343483	13193.930830	922.408467
1.344129	13193.569981	919.605776
1.344775	13193.208599	916.812014
1.345420	13192.846665	914.027143
1.346066	13192.484166	911.251121
1.346712	13192.121083	908.483910
1.347357	13191.757401	905.725469
1.348003	13191.393104	902.975760
1.348649	13191.028176	900.234744
1.349294	13190.662599	897.502381
1.349940	13190.296358	894.778633
1.350586	13189.929437	892.063461
1.351231	13189.561818	889.356828
1.351877	13189.193487	886.658696
1.352523	13188.824427	883.969026
1.353168	13188.454621	881.287781
1.353814	13188.084053	878.614923
1.354459	13187.712707	875.950417
1.355105	13187.340567	873.294223
1.355751	13186.967616	870.646307
1.356396	13186.593838	868.006631
1.357042	13186.219217	865.375159
1.357688	13185.843737	862.751855
1.358333	13185.467380	860.136683
1.358979	13185.090132	857.529607
1.359625	13184.711976	854.930591
1.360270	13184.332895	852.339601
1.360916	13183.952873	849.756601
1.361562	13183.571894	847.181556
1.362207	13183.189942	844.614431
1.362853	13182.807000	842.055192
1.363498	13182.423053	839.503805
1.364144	13182.038083	836.960235
1.364790	13181.652075	834.424448
1.365435	13181.265012	831.896410
1.366081	13180.876878	829.376088
1.366727	13180.487657	826.863449
1.367372	13180.097397	824.358492
1.368018	13179.706662	821.861486
1.368664	13179.315551	819.372454
1.369309	13178.924028	816.891348
1.369955	13178.532052	814.418120
1.370601	13178.139587	811.952723
1.371246	13177.746593	809.495110
1.371892	13177.353032	807.045233
1.372538	13176.958865	804.603045
1.373183	13176.564053	802.168501
1.373829	13176.168559	799.741555
1.374474	13175.772343	797.322160
1.375120	13175.375367	794.910271
1.375766	13174.977593	792.505844
1.376411	13174.578982	790.108834
1.377057	13174.179495	787.719195
1.377703	13173.779094	785.336885
1.378348	13173.377740	782.961859
1.378994	13172.975395	780.594074
1.379640	13172.572020	778.233487
1.380285	13172.167577	775.880054
1.380931	13171.762027	773.533733
1.381577	13171.355332	771.194483
1.382222	13170.947453	768.862260
1.382868	13170.538351	766.537024
1.383514	13170.127989	764.218732
1.384159	13169.716326	761.907345
1.384805	13169.303326	759.602820
1.385450	13168.888949	757.305117
1.386096	13168.473157	755.014197
1.386742	13168.055911	752.730019
1.387387	13167.637173	750.452544
1.388033	13167.216904	748.181731
1.388679	13166.795066	745.917543
1.389324	13166.371620	743.659940
1.389970	13165.946527	741.408884
1.390616	13165.519749	739.164336
1.391261	13165.091248	736.926258
1.391907	13164.660985	734.694613
1.392553	13164.228921	732.469364
1.393198	13163.795019	730.250472
1.393844	13163.359238	728.037901
1.394489	13162.921541	725.831614
1.395135	13162.481958	723.631610
1.395781	13162.042236	721.438753
1.396426	13161.603044	719.253352
1.397072	13161.164225	717.075299
1.397718	13160.725623	714.904488
1.398363	13160.287082	712.740811
1.399009	13159.848446	710.584165
1.399655	13159.409558	708.434444
1.400300	13158.970262	706.291546
1.400946	13158.530402	704.155369
1.401592	13158.089822	702.025811
1.402237	13157.648366	699.902773
1.402883	13157.205877	697.786154
1.403529	13156.762199	695.675857
1.404174	13156.317176	693.571784
1.404820	13155.870652	691.473838
1.405465	13155.422471	689.381924
1.406111	13154.972476	687.295947
1.406757	13154.520511	685.215814
1.407402	13154.066420	683.141430
1.408048	13153.610047	681.072706
1.408694	13153.151235	679.009548
1.409339	13152.689829	676.951867
1.409985	13152.225672	674.899574
1.410631	13151.758608	672.852580
1.411276	13151.288480	670.810797
1.411922	13150.815133	668.774138
1.412568	13150.338411	666.742518
1.413213	13149.858157	664.715852
1.413859	13149.374214	662.694055
1.414505	13148.886428	660.677043
1.415150	13148.394640	658.664735
1.415796	13147.898697	656.657047
1.416441	13147.398440	654.653901
1.417087	13146.893714	652.655214
1.417733	13146.384363	650.660909
1.418378	13145.870231	648.670905
1.419024	13145.351161	646.685127
1.419670	13144.826997	644.703496
1.420315	13144.297583	642.725937
1.420961	13143.762762	640.752374
1.421607	13143.222380	638.782733
1.422252	13142.680149	636.818720
1.422898	13142.140867	634.862519
1.423544	13141.603972	632.913839
1.424189	13141.068875	630.972377
1.424835	13140.534984	629.037836
1.425480	13140.001711	627.109920
1.426126	13139.468466	625.188337
1.426772	13138.934659	623.272798
1.427417	13138.399699	621.363016
1.428063	13137.862997	619.458709
1.428709	13137.323964	617.559596
1.429354	13136.782008	615.665400
1.430000	13136.236541	613.775847
1.430646	13135.686972	611.890665
1.431291	13135.132712	610.009586
1.431937	13134.573171	608.132346
1.432583	13134.007758	606.258680
1.433228	13133.435885	604.388329
1.433874	13132.856960	602.521036
1.434520	13132.270394	600.656548
1.435165	13131.675598	598.794612
1.435811	13131.071981	596.934981
1.436456	13130.458954	595.077409
1.437102	13129.835926	593.221653
1.437748	13129.202308	591.367472
1.438393	13128.557510	589.514630
1.439039	13127.900942	587.662893
1.439685	13127.232014	585.812027
1.440330	13126.550137	583.961805
1.440976	13125.854719	582.112000
1.441622	13125.145173	580.262389
1.442267	13124.420906	578.412750
1.442913	13123.681331	576.562866
1.443559	13122.925856	574.712521
1.444204	13122.153893	572.861504
1.444850	13121.364850	571.009603
1.445495	13120.564923	569.159402
1.446141	13119.766653	567.316061
1.446787	13118.968906	565.479092
1.447432	13118.170155	563.647852
1.448078	13117.368873	561.821706
1.448724	13116.563534	560.000027
1.449369	13115.752611	558.182193
1.450015	13114.934579	556.367591
1.450661	13114.107909	554.555613
1.451306	13113.271077	552.745661
1.451952	13112.422555	550.937141
1.452598	13111.560817	549.129468
1.453243	13110.684337	547.322062
1.453889	13109.791588	545.514352
1.454535	13108.881043	543.705773
1.455180	13107.951176	541.895767
1.455826	13107.000460	540.083782
1.456471	13106.027370	538.269274
1.457117	13105.030378	536.451707
1.457763	13104.007958	534.630549
1.458408	13102.958583	532.805277
1.459054	13101.880728	530.975375
1.459700	13100.772865	529.140334
1.460345	13099.633468	527.299650
1.460991	13098.461011	525.452830
1.461637	13097.253966	523.599384
1.462282	13096.010809	521.738833
1.462928	13094.731807	519.871361
1.463574	13093.434914	518.003649
1.464219	13092.123643	516.137035
1.464865	13090.796111	514.270882
1.465511	13089.450435	512.404558
1.466156	13088.084733	510.537441
1.466802	13086.697123	508.668917
1.467447	13085.285723	506.798381
1.468093	13083.848649	504.925235
1.468739	13082.384019	503.048889
1.469384	13080.889952	501.168764
1.470030	13079.364564	499.284288
1.470676	13077.805974	497.394895
1.471321	13076.212299	495.500030
1.471967	13074.581656	493.599147
1.472613	13072.912163	491.691706
1.473258	13071.201938	489.777179
1.473904	13069.449098	487.855043
1.474550	13067.651761	485.924785
1.475195	13065.808045	483.985903
1.475841	13063.916066	482.037899
1.476486	13061.985124	480.083944
1.477132	13060.028770	478.128566
1.477778	13058.044484	476.171026
1.478423	13056.029631	474.210558
1.479069	13053.981574	472.246410
1.479715	13051.897676	470.277838
1.480360	13049.775299	468.304113
1.481006	13047.611808	466.324516
1.481652	13045.404566	464.338340
1.482297	13043.150934	462.344891
1.482943	13040.848278	460.343486
1.483589	13038.493960	458.333454
1.484234	13036.085342	456.314138
1.484880	13033.619790	454.284891
1.485526	13031.094664	452.245080
1.486171	13028.507329	450.194084
1.486817	13025.856779	448.131782
1.487462	13023.162969	446.064304
1.488108	13020.429605	443.992882
1.488754	13017.652900	441.916519
1.489399	13014.829070	439.834238
1.490045	13011.954332	437.745077
1.490691	13009.024899	435.648093
1.491336	13006.036987	433.542358
1.491982	13002.986812	431.426967
1.492628	12999.870590	429.301027
1.493273	12996.684534	427.163668
1.493919	12993.424861	425.014036
1.494565	12990.087785	422.851296
1.495210	12986.669523	420.674632
1.495856	12983.169921	418.484234
1.496502	12979.611899	416.286576
1.497147	12975.996254	414.082081
1.497793	12972.318220	411.869676
1.498438	12968.573030	409.648310
1.499084	12964.755916	407.416954
1.499730	12960.862112	405.174605
1.500375	12956.886852	402.920278
1.501021	12952.825367	400.653016
1.501667	12948.672892	398.371881
1.502312	12944.424659	396.075964
1.502958	12940.075901	393.764375
1.503604	12935.628674	391.437935
1.504249	12931.106719	389.102802
1.504895	12926.507391	386.758596
1.505541	12921.824733	384.404144
1.506186	12917.052792	382.038305
1.506832	12912.185613	379.659967
1.507477	12907.217241	377.268045
1.508123	12902.141720	374.861487
1.508769	12896.953095	372.439269
1.509414	12891.645413	370.000399
1.510060	12886.214120	367.544230
1.510706	12880.681241	365.076077
1.511351	12875.051244	362.597311
1.511997	12869.317507	360.106848
1.512643	12863.473412	357.603636
1.513288	12857.512338	355.086655
1.513934	12851.427665	352.554920
1.514580	12845.212773	350.007479
1.515225	12838.861041	347.443414
1.515871	12832.366191	344.861910
1.516517	12825.744939	342.266703
1.517162	12819.004959	339.659785
1.517808	12812.139775	337.040395
1.518453	12805.142912	334.407803
1.519099	12798.007895	331.761313
1.519745	12790.728248	329.100259
1.520390	12783.297496	326.424007
1.521036	12775.709163	323.731956
1.521682	12767.970879	321.025806
1.522327	12760.093958	318.307950
1.522973	12752.073130	315.578169
1.523619	12743.903090	312.836264
1.524264	12735.578533	310.082055
1.524910	12727.094152	307.315389
1.525556	12718.444641	304.536133
1.526201	12709.627298	301.744436
1.526847	12700.652646	298.941908
1.527492	12691.520220	296.129251
1.528138	12682.227310	293.306964
1.528784	12672.771207	290.475548
1.529429	12663.149200	287.635510
1.530075	12653.358580	284.787360
1.530721	12643.397745	281.931322
1.531366	12633.269329	279.067332
1.532012	12622.974438	276.196652
1.532658	12612.513958	273.320616
1.533303	12601.888773	270.440538
1.533949	12591.099765	267.557707
1.534595	12580.147434	264.673237
1.535240	12569.025798	261.785437
1.535886	12557.736263	258.895041
1.536532	12546.283742	256.004066
1.537177	12534.673147	253.114478
1.537823	12522.909391	250.228193
1.538468	12510.996842	247.346939
1.539114	12498.923786	244.468195
1.539760	12486.690113	241.592254
1.540405	12474.304526	238.721589
1.541051	12461.775733	235.858599
1.541697	12449.112437	233.005611
1.542342	12436.320298	230.164223
1.542988	12423.380714	227.330767
1.543634	12410.298214	224.506470
1.544279	12397.084374	221.693986
1.544925	12383.750775	218.895877
1.545571	12370.308995	216.114619
1.546216	12356.757066	213.350072
1.546862	12343.076784	210.598995
1.547508	12329.279986	207.863651
1.548153	12315.379677	205.146430
1.548799	12301.388859	202.449631
1.549444	12287.318893	199.775188
1.550090	12273.149834	197.119789
1.550736	12258.881792	194.483504
1.551381	12244.527755	191.868484
1.552027	12230.100713	189.276790
1.552673	12215.613655	186.710399
1.553318	12201.064512	184.168936
1.553964	12186.436254	181.649721
1.554610	12171.739870	179.154238
1.555255	12156.987102	176.684014
1.555901	12142.189692	174.240508
1.556547	12127.356316	171.824701
1.557192	12112.468839	169.433984
1.557838	12097.530140	167.068543
1.558483	12082.550320	164.729478
1.559129	12067.539481	162.417833
1.559775	12052.507725	160.134599
1.560420	12037.449634	157.878890
1.561066	12022.355899	155.649336
1.561712	12007.234573	153.446578
1.562357	11992.093738	151.271225
1.563003	11976.941474	149.123848
1.563649	11961.782692	147.004652
1.564294	11946.605192	144.912049
1.564940	11931.411663	142.846036
1.565586	11916.208029	140.806929
1.566231	11901.000215	138.795019
1.566877	11885.794146	136.810572
1.567523	11870.586929	134.853049
1.568168	11855.373359	132.921636
1.568814	11840.157130	131.016275
1.569459	11824.941945	129.136899
1.570105	11809.731505	127.283432
1.570751	11794.528659	125.455739
1.571396	11779.328479	123.653196
1.572042	11764.131105	121.875491
1.572688	11748.938575	120.122423
1.573333	11733.752928	118.393793
1.573979	11718.576205	116.689397
1.574625	11703.408895	115.008984
1.575270	11688.248543	113.352167
1.575916	11673.095716	111.718606
1.576562	11657.951141	110.107970
1.577207	11642.815549	108.519930
1.577853	11627.689668	106.954164
1.578498	11612.573735	105.410502
1.579144	11597.467231	103.888693
1.579790	11582.369710	102.388324
1.580435	11567.280720	100.908990
1.581081	11552.199813	99.450297
1.581727	11537.126650	98.011872
1.582372	11522.062882	96.593699
1.583018	11507.008198	95.195513
1.583664	11491.961262	93.816908
1.584309	11476.920739	92.457485
1.584955	11461.885292	91.116854
1.585601	11446.854213	89.794700
1.586246	11431.831003	88.491163
1.586892	11416.814574	87.205895
1.587538	11401.802642	85.938430
1.588183	11386.792920	84.688317
1.588829	11371.783124	83.455116
1.589474	11356.772515	82.238539
1.590120	11341.766006	81.038824
1.590766	11326.761748	79.855617
1.591411	11311.756899	78.688486
1.592057	11296.748617	77.537014
1.592703	11281.734059	76.400791
1.593348	11266.713160	75.279628
1.593994	11251.691687	74.173774
1.594640	11236.666780	73.082848
1.595285	11221.634884	72.006428
1.595931	11206.592447	70.944108
1.596577	11191.535915	69.895490
1.597222	11176.466312	68.860482
1.597868	11161.389839	67.839328
1.598514	11146.302652	66.831639
1.599159	11131.200539	65.837013
1.599805	11116.079287	64.855066
1.600450	11100.934684	63.885420
1.601096	11085.770068	62.928131
1.601742	11070.591103	61.983384
1.602387	11055.392592	61.050768
1.603033	11040.169269	60.129883
1.603679	11024.915866	59.220341
1.604324	11009.627209	58.321773
1.604970	10994.311049	57.434450
1.605616	10978.970406	56.558414
1.606261	10963.598700	55.693251
1.606907	10948.189351	54.838560
1.607553	10932.735779	53.993957
1.608198	10917.233019	53.159145
1.608844	10901.694082	52.334620
1.609489	10886.116988	51.520202
1.610135	10870.493659	50.715453
1.610781	10854.816017	49.919953
1.611426	10839.075984	49.133296
1.612072	10823.273612	48.355417
1.612718	10807.423740	47.586844
1.613363	10791.517632	46.827188
1.614009	10775.544939	46.076018
1.614655	10759.495318	45.332917
1.615300	10743.359102	44.597515
1.615946	10727.152979	43.870365
1.616592	10710.878303	43.151470
1.617237	10694.521561	42.440330
1.617883	10678.069241	41.736469
1.618529	10661.507832	41.039431
1.619174	10644.842114	40.349370
1.619820	10628.090911	39.666880
1.620465	10611.236991	38.991401
1.621111	10594.262246	38.322375
1.621757	10577.148572	37.659271
1.622402	10559.893355	37.002041
1.623048	10542.526780	36.351593
1.623694	10525.027851	35.707339
1.624339	10507.371314	35.068605
1.624985	10489.531911	34.434753
1.625631	10471.509023	33.805843
1.626276	10453.339083	33.182915
1.626922	10434.989895	32.565166
1.627568	10416.425341	31.951741
1.628213	10397.609359	31.341839
1.628859	10378.574856	30.736414
1.629505	10359.334408	30.135882
1.630150	10339.833157	29.539021
1.630796	10320.016247	28.944690
1.631441	10299.865904	28.352682
1.632087	10279.454834	27.764868
1.632733	10258.711022	27.179782
1.633378	10237.547875	26.595741
1.634024	10215.918619	26.012043
1.634670	10193.932525	25.431347
1.635315	10171.478016	24.851572
1.635961	10148.407731	24.270072
1.636607	10124.714532	23.687227
1.637252	10100.504708	23.105634
1.637898	10075.492622	22.520134
1.638544	10049.440716	21.926916
1.639189	10022.649908	21.332585
1.639835	9994.652086	20.729201
1.640480	9964.880651	20.107812
1.641126	9933.807953	19.478533
1.641772	9900.197070	18.821738
1.642417	9863.717250	18.134965
1.643063	9823.330527	17.405129
1.643709	9777.080488	16.607209
1.644354	9719.266347	15.665500
1.645000	9632.976464	14.365925
