1.000000	12480.763411	3335.577294
1.001277	12481.346401	3313.946987
1.002555	12481.928632	3292.475478
1.003832	12482.510510	3271.160548
1.005109	12483.092031	3250.000890
1.006386	12483.673173	3228.995251
1.007664	12484.253915	3208.142388
1.008941	12484.834235	3187.441069
1.010218	12485.414111	3166.890075
1.011495	12485.993523	3146.488196
1.012773	12486.572449	3126.234233
1.014050	12487.150867	3106.127000
1.015327	12487.728755	3086.165318
1.016605	12488.306092	3066.348022
1.017882	12488.882857	3046.673957
1.019159	12489.459028	3027.141975
1.020436	12490.034583	3007.750942
1.021714	12490.609501	2988.499734
1.022991	12491.183761	2969.387234
1.024268	12491.757340	2950.412338
1.025546	12492.330217	2931.573951
1.026823	12492.902372	2912.870987
1.028100	12493.473781	2894.302370
1.029377	12494.044425	2875.867034
1.030655	12494.614280	2857.563923
1.031932	12495.183326	2839.391988
1.033209	12495.751541	2821.350192
1.034486	12496.318904	2803.437507
1.035764	12496.885392	2785.652911
1.037041	12497.450985	2767.995395
1.038318	12498.015662	2750.463956
1.039596	12498.579399	2733.057601
1.040873	12499.142176	2715.775347
1.042150	12499.703972	2698.616218
1.043427	12500.264765	2681.579246
1.044705	12500.824532	2664.663474
1.045982	12501.383254	2647.867950
1.047259	12501.940908	2631.191734
1.048537	12502.497472	2614.633892
1.049814	12503.052926	2598.193498
1.051091	12503.607247	2581.869635
1.052368	12504.160456	2565.661314
1.053646	12504.712920	2549.566895
1.054923	12505.264714	2533.585315
1.056200	12505.815821	2517.715699
1.057477	12506.366223	2501.957180
1.058755	12506.915901	2486.308898
1.060032	12507.464837	2470.770001
1.061309	12508.013014	2455.339643
1.062587	12508.560414	2440.016987
1.063864	12509.107018	2424.801202
1.065141	12509.652809	2409.691466
1.066418	12510.197769	2394.686961
1.067696	12510.741880	2379.786880
1.068973	12511.285123	2364.990419
1.070250	12511.827482	2350.296783
1.071528	12512.368937	2335.705185
1.072805	12512.909471	2321.214842
1.074082	12513.449066	2306.824979
1.075359	12513.987704	2292.534829
1.076637	12514.525367	2278.343629
1.077914	12515.062037	2264.250625
1.079191	12515.597696	2250.255067
1.080468	12516.132327	2236.356214
1.081746	12516.665910	2222.553329
1.083023	12517.198429	2208.845682
1.084300	12517.729865	2195.232550
1.085578	12518.260200	2181.713216
1.086855	12518.789417	2168.286968
1.088132	12519.317497	2154.953102
1.089409	12519.844422	2141.710917
1.090687	12520.370175	2128.559721
1.091964	12520.894737	2115.498826
1.093241	12521.418091	2102.527550
1.094519	12521.940218	2089.645218
1.095796	12522.461101	2076.851160
1.097073	12522.980721	2064.144710
1.098350	12523.499061	2051.525210
1.099628	12524.016103	2038.992007
1.100905	12524.531828	2026.544452
1.102182	12525.046219	2014.181904
1.103459	12525.559284	2001.903684
1.104737	12526.071326	1989.708647
1.106014	12526.582427	1977.596017
1.107291	12527.092573	1965.565183
1.108569	12527.601748	1953.615535
1.109846	12528.109938	1941.746471
1.111123	12528.617127	1929.957393
1.112400	12529.123300	1918.247708
1.113678	12529.628442	1906.616828
1.114955	12530.132539	1895.064170
1.116232	12530.635574	1883.589156
1.117510	12531.137534	1872.191211
1.118787	12531.638403	1860.869767
1.120064	12532.138166	1849.624261
1.121341	12532.636808	1838.454132
1.122619	12533.134313	1827.358826
1.123896	12533.630668	1816.337792
1.125173	12534.125857	1805.390485
1.126450	12534.619864	1794.516363
1.127728	12535.112675	1783.714890
1.129005	12535.604275	1772.985534
1.130282	12536.094649	1762.327765
1.131560	12536.583782	1751.741061
1.132837	12537.071658	1741.224902
1.134114	12537.558262	1730.778773
1.135391	12538.043581	1720.402163
1.136669	12538.527598	1710.094565
1.137946	12539.010298	1699.855477
1.139223	12539.491667	1689.684399
1.140501	12539.971689	1679.580837
1.141778	12540.450350	1669.544302
1.143055	12540.927634	1659.574305
1.144332	12541.403526	1649.670366
1.145610	12541.878012	1639.832004
1.146887	12542.351075	1630.058745
1.148164	12542.822702	1620.350119
1.149441	12543.292878	1610.705658
1.150719	12543.761586	1601.124899
1.151996	12544.228812	1591.607381
1.153273	12544.694542	1582.152650
1.154551	12545.158759	1572.760253
1.155828	12545.621541	1563.429622
1.157105	12546.083153	1554.159951
1.158382	12546.543599	1544.950778
1.159660	12547.002867	1535.801669
1.160937	12547.460944	1526.712195
1.162214	12547.917814	1517.681928
1.163491	12548.373466	1508.710447
1.164769	12548.827885	1499.797330
1.166046	12549.281057	1490.942162
1.167323	12549.732970	1482.144529
1.168601	12550.183609	1473.404022
1.169878	12550.632962	1464.720235
1.171155	12551.081013	1456.092764
1.172432	12551.527751	1447.521208
1.173710	12551.973161	1439.005172
1.174987	12552.417230	1430.544262
1.176264	12552.859944	1422.138086
1.177542	12553.301290	1413.786258
1.178819	12553.741253	1405.488393
1.180096	12554.179821	1397.244109
1.181373	12554.616980	1389.053029
1.182651	12555.052717	1380.914776
1.183928	12555.487017	1372.828979
1.185205	12555.919867	1364.795268
1.186482	12556.351254	1356.813277
1.187760	12556.781164	1348.882641
1.189037	12557.209584	1341.003001
1.190314	12557.636499	1333.173997
1.191592	12558.061897	1325.395275
1.192869	12558.485764	1317.666483
1.194146	12558.908086	1309.987270
1.195423	12559.328849	1302.357291
1.196701	12559.748041	1294.776200
1.197978	12560.165647	1287.243656
1.199255	12560.581654	1279.759321
1.200533	12560.996048	1272.322858
1.201810	12561.408816	1264.933933
1.203087	12561.819944	1257.592217
1.204364	12562.229419	1250.297379
1.205642	12562.637228	1243.049096
1.206919	12563.043355	1235.847042
1.208196	12563.447845	1228.690842
1.209473	12563.850951	1221.579914
1.210751	12564.252694	1214.513913
1.212028	12564.653062	1207.492526
1.213305	12565.052042	1200.515447
1.214583	12565.449624	1193.582370
1.215860	12565.845793	1186.692990
1.217137	12566.240538	1179.847006
1.218414	12566.633846	1173.044121
1.219692	12567.025705	1166.284037
1.220969	12567.416102	1159.566461
1.222246	12567.805026	1152.891099
1.223524	12568.192464	1146.257664
1.224801	12568.578404	1139.665867
1.226078	12568.962832	1133.115422
1.227355	12569.345738	1126.606048
1.228633	12569.727108	1120.137463
1.229910	12570.106930	1113.709388
1.231187	12570.485192	1107.321546
1.232464	12570.861881	1100.973664
1.233742	12571.236986	1094.665468
1.235019	12571.610493	1088.396689
1.236296	12571.982391	1082.167058
1.237574	12572.352666	1075.976309
1.238851	12572.721308	1069.824177
1.240128	12573.088303	1063.710401
1.241405	12573.453639	1057.634721
1.242683	12573.817303	1051.596877
1.243960	12574.179284	1045.596614
1.245237	12574.539569	1039.633678
1.246515	12574.898145	1033.707815
1.247792	12575.255001	1027.818776
1.249069	12575.610123	1021.966312
1.250346	12575.963500	1016.150176
1.251624	12576.315119	1010.370123
1.252901	12576.664969	1004.625910
1.254178	12577.013035	998.917297
1.255455	12577.359307	993.244043
1.256733	12577.703772	987.605911
1.258010	12578.046417	982.002665
1.259287	12578.387230	976.434071
1.260565	12578.726200	970.899896
1.261842	12579.063513	965.399766
1.263119	12579.399293	959.933356
1.264396	12579.733527	954.500441
1.265674	12580.066204	949.100796
1.266951	12580.397312	943.734198
1.268228	12580.726840	938.400427
1.269506	12581.054775	933.099264
1.270783	12581.381105	927.830492
1.272060	12581.705819	922.593894
1.273337	12582.028905	917.389257
1.274615	12582.350351	912.216368
1.275892	12582.670146	907.075016
1.277169	12582.988277	901.964991
1.278446	12583.304732	896.886086
1.279724	12583.619501	891.838094
1.281001	12583.932571	886.820810
1.282278	12584.243929	881.834032
1.283556	12584.553565	876.877557
1.284833	12584.861467	871.951186
1.286110	12585.167622	867.054719
1.287387	12585.472020	862.187958
1.288665	12585.774647	857.350709
1.289942	12586.075493	852.542777
1.291219	12586.374545	847.763968
1.292496	12586.671792	843.014092
1.293774	12586.967221	838.292958
1.295051	12587.260822	833.600377
1.296328	12587.552582	828.936161
1.297606	12587.842489	824.300126
1.298883	12588.130532	819.692086
1.300160	12588.416698	815.111857
1.301437	12588.700976	810.559259
1.302715	12588.983354	806.034110
1.303992	12589.263821	801.536232
1.305269	12589.542364	797.065445
1.306547	12589.818972	792.621574
1.307824	12590.093632	788.204443
1.309101	12590.366333	783.813877
1.310378	12590.637064	779.449705
1.311656	12590.905812	775.111754
1.312933	12591.172565	770.799855
1.314210	12591.437343	766.513822
1.315487	12591.700379	762.253369
1.316765	12591.961717	758.018304
1.318042	12592.221343	753.808461
1.319319	12592.479246	749.623677
1.320597	12592.735414	745.463790
1.321874	12592.989834	741.328638
1.323151	12593.242496	737.218062
1.324428	12593.493386	733.131902
1.325706	12593.742493	729.070000
1.326983	12593.989804	725.032201
1.328260	12594.235309	721.018348
1.329538	12594.478994	717.028287
1.330815	12594.720849	713.061865
1.332092	12594.960860	709.118930
1.333369	12595.199016	705.199331
1.334647	12595.435305	701.302917
1.335924	12595.669715	697.429541
1.337201	12595.902234	693.579053
1.338478	12596.132850	689.751308
1.339756	12596.361551	685.946159
1.341033	12596.588324	682.163463
1.342310	12596.813159	678.403075
1.343588	12597.036043	674.664852
1.344865	12597.256964	670.948655
1.346142	12597.475910	667.254341
1.347419	12597.692868	663.581771
1.348697	12597.907828	659.930807
1.349974	12598.120777	656.301311
1.351251	12598.331704	652.693147
1.352529	12598.540595	649.106178
1.353806	12598.747439	645.540272
1.355083	12598.952225	641.995292
1.356360	12599.154939	638.471108
1.357638	12599.355571	634.967587
1.358915	12599.554108	631.484599
1.360192	12599.750538	628.022013
1.361469	12599.944850	624.579700
1.362747	12600.137030	621.157533
1.364024	12600.327068	617.755384
1.365301	12600.514951	614.373127
1.366579	12600.700667	611.010636
1.367856	12600.884289	607.667762
1.369133	12601.066045	604.344306
1.370410	12601.245938	601.040142
1.371688	12601.423957	597.755148
1.372965	12601.600089	594.489202
1.374242	12601.774320	591.242185
1.375520	12601.946639	588.013978
1.376797	12602.117032	584.804463
1.378074	12602.285488	581.613521
1.379351	12602.451993	578.441036
1.380629	12602.616536	575.286893
1.381906	12602.779102	572.150976
1.383183	12602.939681	569.033172
1.384460	12603.098259	565.933366
1.385738	12603.254824	562.851446
1.387015	12603.409363	559.787301
1.388292	12603.561863	556.740819
1.389570	12603.712312	553.711890
1.390847	12603.860698	550.700405
1.392124	12604.007008	547.706255
1.393401	12604.151228	544.729331
1.394679	12604.293348	541.769528
1.395956	12604.433353	538.826737
1.397233	12604.571232	535.900855
1.398511	12604.706972	532.991775
1.399788	12604.840560	530.099393
1.401065	12604.971983	527.223607
1.402342	12605.101230	524.364313
1.403620	12605.228288	521.521408
1.404897	12605.353143	518.694793
1.406174	12605.475784	515.884365
1.407451	12605.596197	513.090026
1.408729	12605.714371	510.311676
1.410006	12605.830292	507.549215
1.411283	12605.943949	504.802548
1.412561	12606.055328	502.071575
1.413838	12606.164416	499.356201
1.415115	12606.271202	496.656329
1.416392	12606.375673	493.971865
1.417670	12606.477816	491.302714
1.418947	12606.577618	488.648782
1.420224	12606.675068	486.009975
1.421502	12606.770398	483.386177
1.422779	12606.863790	480.777274
1.424056	12606.955226	478.183171
1.425333	12607.044684	475.603778
1.426611	12607.132146	473.039001
1.427888	12607.217591	470.488750
1.429165	12607.301000	467.952934
1.430442	12607.382353	465.431462
1.431720	12607.461629	462.924246
1.432997	12607.538810	460.431197
1.434274	12607.613875	457.952226
1.435552	12607.686804	455.487246
1.436829	12607.757578	453.036171
1.438106	12607.826176	450.598914
1.439383	12607.892579	448.175389
1.440661	12607.956768	445.765512
1.441938	12608.018721	443.369198
1.443215	12608.078420	440.986363
1.444492	12608.135844	438.616925
1.445770	12608.190974	436.260799
1.447047	12608.243789	433.917905
1.448324	12608.294271	431.588161
1.449602	12608.342398	429.271486
1.450879	12608.388152	426.967800
1.452156	12608.431512	424.677023
1.453433	12608.472459	422.399075
1.454711	12608.510973	420.133879
1.455988	12608.547033	417.881355
1.457265	12608.580620	415.641427
1.458543	12608.611715	413.414018
1.459820	12608.640297	411.199050
1.461097	12608.666346	408.996449
1.462374	12608.689843	406.806138
1.463652	12608.710768	404.628043
1.464929	12608.729101	402.462089
1.466206	12608.744822	400.308204
1.467483	12608.757912	398.166312
1.468761	12608.768349	396.036342
1.470038	12608.776116	393.918221
1.471315	12608.781191	391.811878
1.472593	12608.783555	389.717240
1.473870	12608.783278	387.634234
1.475147	12608.780682	385.562773
1.476424	12608.775794	383.502790
1.477702	12608.768616	381.454217
1.478979	12608.759147	379.416989
1.480256	12608.747388	377.391039
1.481534	12608.733338	375.376301
1.482811	12608.716998	373.372711
1.484088	12608.698367	371.380204
1.485365	12608.677445	369.398715
1.486643	12608.654232	367.428180
1.487920	12608.628729	365.468537
1.489197	12608.600936	363.519722
1.490474	12608.570852	361.581671
1.491752	12608.538477	359.654324
1.493029	12608.503811	357.737617
1.494306	12608.466855	355.831490
1.495584	12608.427608	353.935882
1.496861	12608.386071	352.050730
1.498138	12608.342243	350.175976
1.499415	12608.296124	348.311559
1.500693	12608.247715	346.457419
1.501970	12608.197015	344.613498
1.503247	12608.144025	342.779736
1.504525	12608.088743	340.956075
1.505802	12608.031172	339.142456
1.507079	12607.971309	337.338822
1.508356	12607.909156	335.545116
1.509634	12607.844713	333.761280
1.510911	12607.777978	331.987257
1.512188	12607.708954	330.222992
1.513465	12607.637638	328.468428
1.514743	12607.564032	326.723510
1.516020	12607.488135	324.988182
1.517297	12607.409948	323.262389
1.518575	12607.329470	321.546077
1.519852	12607.246701	319.839192
1.521129	12607.161642	318.141678
1.522406	12607.074292	316.453484
1.523684	12606.984652	314.774555
1.524961	12606.892721	313.104838
1.526238	12606.798381	311.444256
1.527516	12606.701145	309.792647
1.528793	12606.600964	308.149952
1.530070	12606.497842	306.516119
1.531347	12606.391784	304.891101
1.532625	12606.282794	303.274847
1.533902	12606.170878	301.667311
1.535179	12606.056039	300.068443
1.536456	12605.938284	298.478195
1.537734	12605.817616	296.896519
1.539011	12605.694040	295.323369
1.540288	12605.567562	293.758697
1.541566	12605.438185	292.202457
1.542843	12605.305914	290.654601
1.544120	12605.170755	289.115083
1.545397	12605.032712	287.583857
1.546675	12604.891789	286.060878
1.547952	12604.747992	284.546099
1.549229	12604.601324	283.039476
1.550507	12604.451792	281.540964
1.551784	12604.299399	280.050518
1.553061	12604.144150	278.568093
1.554338	12603.986050	277.093646
1.555616	12603.825104	275.627132
1.556893	12603.661317	274.168507
1.558170	12603.494693	272.717729
1.559447	12603.325236	271.274754
1.560725	12603.152953	269.839539
1.562002	12602.977846	268.412041
1.563279	12602.799922	266.992218
1.564557	12602.619185	265.580028
1.565834	12602.435639	264.175429
1.567111	12602.249289	262.778379
1.568388	12602.060141	261.388837
1.569666	12601.868198	260.006762
1.570943	12601.673465	258.632112
1.572220	12601.475948	257.264846
1.573497	12601.275651	255.904925
1.574775	12601.072579	254.552308
1.576052	12600.866735	253.206956
1.577329	12600.658127	251.868827
1.578607	12600.446877	250.537869
1.579884	12600.233056	249.214031
1.581161	12600.016642	247.897271
1.582438	12599.797615	246.587547
1.583716	12599.575954	245.284819
1.584993	12599.351638	243.989046
1.586270	12599.124647	242.700186
1.587548	12598.894959	241.418200
1.588825	12598.662554	240.143048
1.590102	12598.427410	238.874689
1.591379	12598.189508	237.613084
1.592657	12597.948826	236.358194
1.593934	12597.705343	235.109980
1.595211	12597.459038	233.868403
1.596488	12597.209891	232.633424
1.597766	12596.957881	231.405006
1.599043	12596.702987	230.183110
1.600320	12596.445188	228.967699
1.601598	12596.184463	227.758736
1.602875	12595.920791	226.556182
1.604152	12595.654152	225.360001
1.605429	12595.384525	224.170157
1.606707	12595.111889	222.986612
1.607984	12594.836223	221.809331
1.609261	12594.557505	220.638278
1.610539	12594.275717	219.473417
1.611816	12593.990835	218.314711
1.613093	12593.702841	217.162127
1.614370	12593.411712	216.015629
1.615648	12593.117428	214.875183
1.616925	12592.819968	213.740752
1.618202	12592.519312	212.612305
1.619479	12592.215438	211.489805
1.620757	12591.908326	210.373219
1.622034	12591.597954	209.262514
1.623311	12591.284302	208.157656
1.624589	12590.967350	207.058612
1.625866	12590.647075	205.965349
1.627143	12590.323458	204.877834
1.628420	12589.996499	203.796035
1.629698	12589.666590	202.719933
1.630975	12589.333872	201.649501
1.632252	12588.998319	200.584706
1.633530	12588.659906	199.525514
1.634807	12588.318609	198.471894
1.636084	12587.974403	197.423814
1.637361	12587.627262	196.381240
1.638639	12587.277163	195.344141
1.639916	12586.924079	194.312486
1.641193	12586.567986	193.286244
1.642470	12586.208859	192.265382
1.643748	12585.846674	191.249870
1.645025	12585.481405	190.239677
1.646302	12585.113027	189.234773
1.647580	12584.741516	188.235127
1.648857	12584.366847	187.240708
1.650134	12583.988994	186.251488
1.651411	12583.607933	185.267436
1.652689	12583.223638	184.288523
1.653966	12582.836086	183.314719
1.655243	12582.445251	182.345995
1.656521	12582.051108	181.382322
1.657798	12581.653632	180.423671
1.659075	12581.252798	179.470015
1.660352	12580.848582	178.521323
1.661630	12580.440958	177.577569
1.662907	12580.029902	176.638724
1.664184	12579.615389	175.704760
1.665461	12579.197393	174.775649
1.666739	12578.775891	173.851365
1.668016	12578.350856	172.931880
1.669293	12577.922264	172.017166
1.670571	12577.490091	171.107198
1.671848	12577.054311	170.201947
1.673125	12576.614899	169.301388
1.674402	12576.171830	168.405494
1.675680	12575.725080	167.514239
1.676957	12575.274624	166.627596
1.678234	12574.820460	165.745542
1.679512	12574.363051	164.868069
1.680789	12573.902564	163.995160
1.682066	12573.438969	163.126788
1.683343	12572.972235	162.262927
1.684621	12572.502332	161.403550
1.685898	12572.029229	160.548632
1.687175	12571.552896	159.698147
1.688452	12571.073303	158.852069
1.689730	12570.590418	158.010373
1.691007	12570.104212	157.173034
1.692284	12569.614654	156.340027
1.693562	12569.121713	155.511326
1.694839	12568.625359	154.686908
1.696116	12568.125562	153.866748
1.697393	12567.622291	153.050821
1.698671	12567.115515	152.239103
1.699948	12566.605204	151.431570
1.701225	12566.091328	150.628199
1.702503	12565.573857	149.828965
1.703780	12565.052758	149.033845
1.705057	12564.528004	148.242816
1.706334	12563.999561	147.455854
1.707612	12563.467401	146.672937
1.708889	12562.931493	145.894041
1.710166	12562.391806	145.119144
1.711443	12561.848310	144.348224
1.712721	12561.300975	143.581257
1.713998	12560.749769	142.818221
1.715275	12560.194662	142.059095
1.716553	12559.635625	141.303857
1.717830	12559.072626	140.552484
1.719107	12558.505635	139.804954
1.720384	12557.934621	139.061247
1.721662	12557.359555	138.321341
1.722939	12556.780405	137.585215
1.724216	12556.197141	136.852847
1.725493	12555.609733	136.124217
1.726771	12555.018169	135.399304
1.728048	12554.422984	134.678113
1.729325	12553.824406	133.960632
1.730603	12553.222397	133.246840
1.731880	12552.616918	132.536715
1.733157	12552.007933	131.830237
1.734434	12551.395403	131.127383
1.735712	12550.779291	130.428134
1.736989	12550.159560	129.732467
1.738266	12549.536170	129.040363
1.739544	12548.909086	128.351800
1.740821	12548.278268	127.666759
1.742098	12547.643679	126.985219
1.743375	12547.005282	126.307160
1.744653	12546.363039	125.632561
1.745930	12545.716912	124.961403
1.747207	12545.066863	124.293667
1.748484	12544.412855	123.629332
1.749762	12543.754850	122.968379
1.751039	12543.092809	122.310790
1.752316	12542.426697	121.656543
1.753594	12541.756474	121.005622
1.754871	12541.082103	120.358006
1.756148	12540.403546	119.713677
1.757425	12539.720766	119.072616
1.758703	12539.033724	118.434806
1.759980	12538.342384	117.800226
1.761257	12537.646707	117.168860
1.762535	12536.946655	116.540688
1.763812	12536.242192	115.915694
1.765089	12535.533279	115.293858
1.766366	12534.819878	114.675164
1.767644	12534.101952	114.059594
1.768921	12533.379463	113.447130
1.770198	12532.652374	112.837754
1.771475	12531.920646	112.231450
1.772753	12531.184241	111.628201
1.774030	12530.443159	111.027990
1.775307	12529.698073	110.430831
1.776585	12528.949216	109.836716
1.777862	12528.196539	109.245628
1.779139	12527.439996	108.657549
1.780416	12526.679538	108.072461
1.781694	12525.915119	107.490347
1.782971	12525.146691	106.911190
1.784248	12524.374206	106.334971
1.785526	12523.597618	105.761674
1.786803	12522.816878	105.191282
1.788080	12522.031939	104.623777
1.789357	12521.242753	104.059144
1.790635	12520.449274	103.497365
1.791912	12519.651453	102.938423
1.793189	12518.849244	102.382303
1.794466	12518.042598	101.828988
1.795744	12517.231468	101.278462
1.797021	12516.415807	100.730709
1.798298	12515.595567	100.185712
1.799576	12514.770701	99.643457
1.800853	12513.941162	99.103926
1.802130	12513.106901	98.567106
1.803407	12512.267871	98.032979
1.804685	12511.424026	97.501531
1.805962	12510.575316	96.972747
1.807239	12509.721696	96.446611
1.808517	12508.863117	95.923108
1.809794	12507.999532	95.402224
1.811071	12507.130894	94.883943
1.812348	12506.257155	94.368251
1.813626	12505.378267	93.855133
1.814903	12504.494183	93.344575
1.816180	12503.604856	92.836562
1.817457	12502.710238	92.331080
1.818735	12501.810281	91.828115
1.820012	12500.905121	91.327660
1.821289	12499.995647	90.829736
1.822567	12499.081931	90.334333
1.823844	12498.163915	89.841436
1.825121	12497.241537	89.351031
1.826398	12496.314736	88.863100
1.827676	12495.383452	88.377631
1.828953	12494.447624	87.894608
1.830230	12493.507192	87.414016
1.831508	12492.562095	86.935841
1.832785	12491.612273	86.460069
1.834062	12490.657664	85.986684
1.835339	12489.698208	85.515673
1.836617	12488.733844	85.047022
1.837894	12487.764512	84.580716
1.839171	12486.790151	84.116742
1.840448	12485.810701	83.655086
1.841726	12484.826100	83.195734
1.843003	12483.836288	82.738673
1.844280	12482.841205	82.283889
1.845558	12481.840790	81.831369
1.846835	12480.834982	81.381099
1.848112	12479.823720	80.933067
1.849389	12478.806945	80.487259
1.850667	12477.784595	80.043663
1.851944	12476.756609	79.602265
1.853221	12475.722927	79.163053
1.854498	12474.683489	78.726014
1.855776	12473.638233	78.291136
1.857053	12472.587099	77.858405
1.858330	12471.530027	77.427811
1.859608	12470.466955	76.999340
1.860885	12469.397823	76.572980
1.862162	12468.322571	76.148720
1.863439	12467.241156	75.726547
1.864717	12466.154490	75.306485
1.865994	12465.063061	74.888539
1.867271	12463.966787	74.472698
1.868549	12462.865592	74.058946
1.869826	12461.759397	73.647272
1.871103	12460.648122	73.237662
1.872380	12459.531689	72.830103
1.873658	12458.410020	72.424582
1.874935	12457.283036	72.021088
1.876212	12456.150658	71.619607
1.877489	12455.012807	71.220126
1.878767	12453.869406	70.822634
1.880044	12452.720375	70.427118
1.881321	12451.565635	70.033566
1.882599	12450.405109	69.641966
1.883876	12449.238717	69.252306
1.885153	12448.066381	68.864574
1.886430	12446.888023	68.478758
1.887708	12445.703563	68.094847
1.888985	12444.512922	67.712830
1.890262	12443.316024	67.332694
1.891540	12442.112788	66.954428
1.892817	12440.903135	66.578022
1.894094	12439.686989	66.203463
1.895371	12438.464269	65.830742
1.896649	12437.234897	65.459846
1.897926	12435.998795	65.090766
1.899203	12434.755884	64.723489
1.900480	12433.506085	64.358007
1.901758	12432.249320	63.994307
1.903035	12430.985510	63.632379
1.904312	12429.714576	63.272214
1.905590	12428.436483	62.913802
1.906867	12427.152445	62.557172
1.908144	12425.862967	62.202333
1.909421	12424.567944	61.849272
1.910699	12423.267274	61.497978
1.911976	12421.960852	61.148438
1.913253	12420.648574	60.800642
1.914531	12419.330337	60.454578
1.915808	12418.006037	60.110234
1.917085	12416.675570	59.767600
1.918362	12415.338833	59.426663
1.919640	12413.995720	59.087414
1.920917	12412.646130	58.749841
1.922194	12411.289957	58.413934
1.923471	12409.927099	58.079681
1.924749	12408.557450	57.747072
1.926026	12407.180909	57.416096
1.927303	12405.797370	57.086744
1.928581	12404.406729	56.759004
1.929858	12403.008884	56.432867
1.931135	12401.603730	56.108322
1.932412	12400.191164	55.785359
1.933690	12398.771082	55.463969
1.934967	12397.343379	55.144142
1.936244	12395.907952	54.825867
1.937522	12394.464698	54.509135
1.938799	12393.013512	54.193937
1.940076	12391.554291	53.880262
1.941353	12390.086931	53.568103
1.942631	12388.611328	53.257448
1.943908	12387.127378	52.948290
1.945185	12385.634978	52.640618
1.946462	12384.134840	52.334447
1.947740	12382.628443	52.029811
1.949017	12381.115688	51.726699
1.950294	12379.596438	51.425100
1.951572	12378.070551	51.125004
1.952849	12376.537890	50.826400
1.954126	12374.998313	50.529278
1.955403	12373.451683	50.233626
1.956681	12371.897860	49.939435
1.957958	12370.336703	49.646694
1.959235	12368.768074	49.355393
1.960513	12367.191834	49.065522
1.961790	12365.607843	48.777071
1.963067	12364.015961	48.490030
1.964344	12362.416049	48.204389
1.965622	12360.807967	47.920140
1.966899	12359.191577	47.637271
1.968176	12357.566739	47.355774
1.969453	12355.933313	47.075639
1.970731	12354.291161	46.796857
1.972008	12352.640141	46.519419
1.973285	12350.980116	46.243316
1.974563	12349.310946	45.968540
1.975840	12347.632491	45.695080
1.977117	12345.944612	45.422928
1.978394	12344.247169	45.152076
1.979672	12342.540024	44.882515
1.980949	12340.823036	44.614236
1.982226	12339.096066	44.347232
1.983504	12337.358979	44.081493
1.984781	12335.613356	43.817054
1.986058	12333.860450	43.553940
1.987335	12332.100069	43.292139
1.988613	12330.332022	43.031642
1.989890	12328.556119	42.772439
1.991167	12326.772167	42.514518
1.992444	12324.979977	42.257869
1.993722	12323.179356	42.002484
1.994999	12321.370115	41.748351
1.996276	12319.552061	41.495462
1.997554	12317.725004	41.243805
1.998831	12315.888753	40.993373
2.000108	12314.043117	40.744155
2.001385	12312.187904	40.496142
2.002663	12310.322924	40.249326
2.003940	12308.447985	40.003696
2.005217	12306.562897	39.759244
2.006494	12304.667469	39.515960
2.007772	12302.761508	39.273838
2.009049	12300.844825	39.032866
2.010326	12298.917229	38.793038
2.011604	12296.978527	38.554345
2.012881	12295.028530	38.316777
2.014158	12293.067046	38.080328
2.015435	12291.093884	37.844989
2.016713	12289.108853	37.610751
2.017990	12287.111762	37.377608
2.019267	12285.102420	37.145550
2.020545	12283.082633	36.914614
2.021822	12281.054271	36.684836
2.023099	12279.017067	36.456205
2.024376	12276.970753	36.228709
2.025654	12274.915061	36.002340
2.026931	12272.849723	35.777085
2.028208	12270.774472	35.552936
2.029485	12268.689040	35.329882
2.030763	12266.593159	35.107914
2.032040	12264.486561	34.887021
2.033317	12262.368979	34.667193
2.034595	12260.240144	34.448422
2.035872	12258.099789	34.230698
2.037149	12255.947647	34.014012
2.038426	12253.783449	33.798355
2.039704	12251.606928	33.583717
2.040981	12249.417816	33.370089
2.042258	12247.215845	33.157464
2.043536	12245.000747	32.945833
2.044813	12242.772255	32.735186
2.046090	12240.530100	32.525516
2.047367	12238.274016	32.316815
2.048645	12236.003734	32.109073
2.049922	12233.718986	31.902284
2.051199	12231.419506	31.696440
2.052476	12229.105024	31.491532
2.053754	12226.776570	31.287578
2.055031	12224.437719	31.084642
2.056308	12222.088351	30.882719
2.057586	12219.728083	30.681796
2.058863	12217.356528	30.481864
2.060140	12214.973304	30.282911
2.061417	12212.578025	30.084927
2.062695	12210.170306	29.887901
2.063972	12207.749764	29.691822
2.065249	12205.316014	29.496681
2.066527	12202.868671	29.302468
2.067804	12200.407351	29.109173
2.069081	12197.931669	28.916785
2.070358	12195.441241	28.725297
2.071636	12192.935682	28.534697
2.072913	12190.414608	28.344978
2.074190	12187.877634	28.156129
2.075467	12185.324375	27.968142
2.076745	12182.754448	27.781009
2.078022	12180.167467	27.594720
2.079299	12177.563048	27.409268
2.080577	12174.940807	27.224643
2.081854	12172.300359	27.040838
2.083131	12169.641319	26.857845
2.084408	12166.963464	26.675658
2.085686	12164.271291	26.494352
2.086963	12161.566576	26.313953
2.088240	12158.848750	26.134449
2.089518	12156.117245	25.955827
2.090795	12153.371492	25.778075
2.092072	12150.610923	25.601181
2.093349	12147.834969	25.425132
2.094627	12145.043064	25.249918
2.095904	12142.234637	25.075526
2.097181	12139.409121	24.901946
2.098458	12136.565947	24.729166
2.099736	12133.704548	24.557176
2.101013	12130.824354	24.385964
2.102290	12127.924798	24.215521
2.103568	12125.005311	24.045836
2.104845	12122.065325	23.876900
2.106122	12119.104271	23.708702
2.107399	12116.121581	23.541233
2.108677	12113.116687	23.374483
2.109954	12110.089021	23.208444
2.111231	12107.038013	23.043105
2.112509	12103.963097	22.878459
2.113786	12100.865426	22.714522
2.115063	12097.751914	22.551397
2.116340	12094.622603	22.389081
2.117618	12091.476625	22.227560
2.118895	12088.313113	22.066819
2.120172	12085.131198	21.906843
2.121449	12081.930014	21.747618
2.122727	12078.708691	21.589130
2.124004	12075.466363	21.431366
2.125281	12072.202162	21.274311
2.126559	12068.915220	21.117954
2.127836	12065.604669	20.962280
2.129113	12062.269641	20.807279
2.130390	12058.909270	20.652937
2.131668	12055.522686	20.499242
2.132945	12052.109023	20.346183
2.134222	12048.667413	20.193749
2.135499	12045.196987	20.041928
2.136777	12041.696879	19.890709
2.138054	12038.166220	19.740082
2.139331	12034.604142	19.590036
2.140609	12031.014792	19.440629
2.141886	12027.406305	19.291966
2.143163	12023.777515	19.144033
2.144440	12020.127046	18.996808
2.145718	12016.453524	18.850273
2.146995	12012.755570	18.704410
2.148272	12009.031811	18.559199
2.149550	12005.280871	18.414624
2.150827	12001.501373	18.270666
2.152104	11997.691941	18.127309
2.153381	11993.851201	17.984537
2.154659	11989.977776	17.842333
2.155936	11986.070291	17.700682
2.157213	11982.127369	17.559567
2.158490	11978.147635	17.418976
2.159768	11974.129714	17.278892
2.161045	11970.072229	17.139302
2.162322	11965.973805	17.000192
2.163600	11961.833067	16.861549
2.164877	11957.658733	16.723480
2.166154	11953.459992	16.586095
2.167431	11949.234568	16.449365
2.168709	11944.980179	16.313264
2.169986	11940.694543	16.177766
2.171263	11936.375379	16.042845
2.172541	11932.020404	15.908476
2.173818	11927.627336	15.774635
2.175095	11923.193895	15.641298
2.176372	11918.717797	15.508443
2.177650	11914.196760	15.376047
2.178927	11909.628504	15.244089
2.180204	11905.010746	15.112548
2.181481	11900.341203	14.981403
2.182759	11895.617595	14.850634
2.184036	11890.837639	14.720223
2.185313	11885.999056	14.590151
2.186591	11881.116196	14.460577
2.187868	11876.201388	14.331635
2.189145	11871.250635	14.203284
2.190422	11866.259941	14.075481
2.191700	11861.225309	13.948188
2.192977	11856.142743	13.821366
2.194254	11851.008246	13.694977
2.195532	11845.817822	13.568987
2.196809	11840.567473	13.443359
2.198086	11835.253204	13.318059
2.199363	11829.871017	13.193056
2.200641	11824.416917	13.068316
2.201918	11818.886905	12.943809
2.203195	11813.276987	12.819506
2.204472	11807.583165	12.695379
2.205750	11801.824340	12.571619
2.207027	11796.023257	12.448450
2.208304	11790.172533	12.325804
2.209582	11784.264688	12.203613
2.210859	11778.292242	12.081814
2.212136	11772.247714	11.960344
2.213413	11766.123623	11.839141
2.214691	11759.912490	11.718147
2.215968	11753.606833	11.597306
2.217245	11747.199172	11.476563
2.218523	11740.682027	11.355866
2.219800	11734.047917	11.235164
2.221077	11727.289363	11.114409
2.222354	11720.422804	10.993764
2.223632	11713.498603	10.873677
2.224909	11706.504739	10.754051
2.226186	11699.425960	10.634760
2.227463	11692.247013	10.515686
2.228741	11684.952646	10.396713
2.230018	11677.527607	10.277731
2.231295	11669.956643	10.158633
2.232573	11662.224501	10.039317
2.233850	11654.315929	9.919684
2.235127	11646.215675	9.799641
2.236404	11637.919885	9.679190
2.237682	11629.528989	9.559155
2.238959	11621.042425	9.439544
2.240236	11612.425438	9.320096
2.241514	11603.643271	9.200563
2.242791	11594.661169	9.080707
2.244068	11585.444376	8.960300
2.245345	11575.958135	8.839123
2.246623	11566.167691	8.716968
2.247900	11556.038288	8.593637
2.249177	11545.645996	8.469747
2.250454	11535.143182	8.346436
2.251732	11524.443550	8.223102
2.253009	11513.454593	8.099129
2.254286	11502.083805	7.973929
2.255564	11490.238679	7.846940
2.256841	11477.826710	7.717634
2.258118	11464.755523	7.585512
2.259395	11451.343777	7.452833
2.260673	11437.735282	7.320602
2.261950	11423.620129	7.186844
2.263227	11408.688406	7.049689
2.264505	11392.630206	6.907379
2.265782	11375.135619	6.758271
2.267059	11356.985026	6.607510
2.268336	11338.515692	6.457275
2.269614	11318.210078	6.298656
2.270891	11294.544322	6.123337
2.272168	11267.984012	5.935059
2.273445	11242.884229	5.759019
2.274723	11204.969844	5.517046
2.276000	11152.045273	5.206499
