1.000000	11527.895932	1122.206504
1.000325	11525.469001	1118.462012
1.000651	11523.034243	1114.724709
1.000976	11520.591851	1110.994748
1.001301	11518.142018	1107.272280
1.001627	11515.684938	1103.557453
1.001952	11513.220804	1099.850415
1.002277	11510.749809	1096.151310
1.002603	11508.272146	1092.460281
1.002928	11505.788008	1088.777470
1.003253	11503.297588	1085.103018
1.003579	11500.801080	1081.437061
1.003904	11498.298677	1077.779736
1.004229	11495.790572	1074.131177
1.004555	11493.276959	1070.491517
1.004880	11490.758029	1066.860888
1.005205	11488.233977	1063.239418
1.005531	11485.704903	1059.627166
1.005856	11483.169454	1056.023135
1.006181	11480.627284	1052.427068
1.006507	11478.078591	1048.839105
1.006832	11475.523573	1045.259384
1.007157	11472.962431	1041.688044
1.007482	11470.395362	1038.125219
1.007808	11467.822567	1034.571044
1.008133	11465.244243	1031.025650
1.008458	11462.660591	1027.489167
1.008784	11460.071809	1023.961724
1.009109	11457.478095	1020.443449
1.009434	11454.879650	1016.934464
1.009760	11452.276672	1013.434895
1.010085	11449.669360	1009.944863
1.010410	11447.057913	1006.464487
1.010736	11444.442530	1002.993887
1.011061	11441.823030	999.532924
1.011386	11439.197959	996.080613
1.011712	11436.567327	992.636944
1.012037	11433.931334	989.202031
1.012362	11431.290178	985.775989
1.012688	11428.644060	982.358929
1.013013	11425.993180	978.950964
1.013338	11423.337738	975.552201
1.013664	11420.677933	972.162748
1.013989	11418.013965	968.782712
1.014314	11415.346034	965.412197
1.014640	11412.674340	962.051306
1.014965	11409.999083	958.700141
1.015290	11407.320463	955.358801
1.015616	11404.638679	952.027386
1.015941	11401.953931	948.705993
1.016266	11399.266419	945.394717
1.016592	11396.575577	942.093171
1.016917	11393.880200	938.800578
1.017242	11391.180450	935.517027
1.017568	11388.476518	932.242624
1.017893	11385.768596	928.977474
1.018218	11383.056876	925.721680
1.018544	11380.341550	922.475344
1.018869	11377.622809	919.238565
1.019194	11374.900846	916.011444
1.019520	11372.175852	912.794077
1.019845	11369.448018	909.586560
1.020170	11366.717538	906.388988
1.020495	11363.984602	903.201453
1.020821	11361.249402	900.024047
1.021146	11358.512129	896.856860
1.021471	11355.772977	893.699981
1.021797	11353.032136	890.553497
1.022122	11350.288866	887.416940
1.022447	11347.542270	884.289746
1.022773	11344.792507	881.171982
1.023098	11342.039739	878.063714
1.023423	11339.284125	874.965007
1.023749	11336.525828	871.875923
1.024074	11333.765006	868.796526
1.024399	11331.001822	865.726877
1.024725	11328.236435	862.667036
1.025050	11325.469007	859.617063
1.025375	11322.699697	856.577016
1.025701	11319.928668	853.546953
1.026026	11317.156078	850.526930
1.026351	11314.382090	847.517002
1.026677	11311.606863	844.517223
1.027002	11308.830559	841.527647
1.027327	11306.053337	838.548327
1.027653	11303.274670	835.578937
1.027978	11300.493716	832.618990
1.028303	11297.710599	829.668527
1.028629	11294.925450	826.727593
1.028954	11292.138401	823.796231
1.029279	11289.349584	820.874485
1.029605	11286.559131	817.962397
1.029930	11283.767172	815.060009
1.030255	11280.973841	812.167361
1.030581	11278.179267	809.284492
1.030906	11275.383583	806.411442
1.031231	11272.586921	803.548250
1.031557	11269.789411	800.694952
1.031882	11266.991186	797.851585
1.032207	11264.192378	795.018186
1.032533	11261.393117	792.194789
1.032858	11258.593536	789.381428
1.033183	11255.793512	786.578011
1.033509	11252.992139	783.784046
1.033834	11250.189413	780.999498
1.034159	11247.385443	778.224388
1.034484	11244.580336	775.458733
1.034810	11241.774197	772.702552
1.035135	11238.967136	769.955862
1.035460	11236.159257	767.218681
1.035786	11233.350670	764.491025
1.036111	11230.541480	761.772911
1.036436	11227.731795	759.064354
1.036762	11224.921721	756.365369
1.037087	11222.111367	753.675972
1.037412	11219.300838	750.996174
1.037738	11216.490242	748.325992
1.038063	11213.679687	745.665437
1.038388	11210.869278	743.014523
1.038714	11208.059123	740.373262
1.039039	11205.248740	737.741406
1.039364	11202.437667	735.118721
1.039690	11199.625988	732.505210
1.040015	11196.813791	729.900879
1.040340	11194.001158	727.305732
1.040666	11191.188177	724.719771
1.040991	11188.374931	722.143000
1.041316	11185.561506	719.575422
1.041642	11182.747988	717.017039
1.041967	11179.934460	714.467854
1.042292	11177.121009	711.927868
1.042618	11174.307720	709.397084
1.042943	11171.494678	706.875502
1.043268	11168.681967	704.363123
1.043594	11165.869674	701.859947
1.043919	11163.057883	699.365976
1.044244	11160.246679	696.881209
1.044570	11157.436143	694.405643
1.044895	11154.625814	691.939053
1.045220	11151.815401	689.481285
1.045546	11149.004969	687.032336
1.045871	11146.194583	684.592200
1.046196	11143.384307	682.160874
1.046522	11140.574209	679.738351
1.046847	11137.764352	677.324627
1.047172	11134.954801	674.919695
1.047497	11132.145623	672.523552
1.047823	11129.336883	670.136190
1.048148	11126.528644	667.757604
1.048473	11123.720974	665.387786
1.048799	11120.913937	663.026732
1.049124	11118.107598	660.674433
1.049449	11115.302022	658.330883
1.049775	11112.497276	655.996075
1.050100	11109.693423	653.670001
1.050425	11106.890530	651.352654
1.050751	11104.088406	649.043920
1.051076	11101.286667	646.743607
1.051401	11098.485353	644.451699
1.051727	11095.684514	642.168188
1.052052	11092.884197	639.893062
1.052377	11090.084451	637.626312
1.052703	11087.285324	635.367925
1.053028	11084.486867	633.117893
1.053353	11081.689126	630.876202
1.053679	11078.892150	628.642842
1.054004	11076.095989	626.417802
1.054329	11073.300690	624.201071
1.054655	11070.506302	621.992636
1.054980	11067.712874	619.792487
1.055305	11064.920455	617.600610
1.055631	11062.129093	615.416995
1.055956	11059.338836	613.241629
1.056281	11056.549733	611.074501
1.056607	11053.761820	608.915592
1.056932	11050.974793	606.764780
1.057257	11048.188528	604.621990
1.057583	11045.403061	602.487198
1.057908	11042.618425	600.360377
1.058233	11039.834655	598.241503
1.058559	11037.051785	596.130551
1.058884	11034.269850	594.027495
1.059209	11031.488885	591.932311
1.059535	11028.708923	589.844973
1.059860	11025.929999	587.765457
1.060185	11023.152147	585.693737
1.060511	11020.375402	583.629789
1.060836	11017.599798	581.573587
1.061161	11014.825370	579.525107
1.061486	11012.052152	577.484325
1.061812	11009.280178	575.451215
1.062137	11006.509483	573.425753
1.062462	11003.740102	571.407914
1.062788	11000.972060	569.397672
1.063113	10998.205145	567.394958
1.063438	10995.439262	565.399727
1.063764	10992.674434	563.411954
1.064089	10989.910686	561.431616
1.064414	10987.148040	559.458688
1.064740	10984.386522	557.493148
1.065065	10981.626154	555.534972
1.065390	10978.866960	553.584136
1.065716	10976.108964	551.640616
1.066041	10973.352190	549.704389
1.066366	10970.596661	547.775431
1.066692	10967.842402	545.853720
1.067017	10965.089435	543.939231
1.067342	10962.337785	542.031941
1.067668	10959.587475	540.131828
1.067993	10956.838529	538.238867
1.068318	10954.090971	536.353036
1.068644	10951.344824	534.474312
1.068969	10948.600113	532.602671
1.069294	10945.856787	530.738070
1.069620	10943.114700	528.880442
1.069945	10940.373860	527.029762
1.070270	10937.634280	525.186009
1.070596	10934.895973	523.349161
1.070921	10932.158952	521.519197
1.071246	10929.423231	519.696096
1.071572	10926.688823	517.879835
1.071897	10923.955741	516.070393
1.072222	10921.223998	514.267749
1.072548	10918.493608	512.471881
1.072873	10915.764583	510.682769
1.073198	10913.036937	508.900389
1.073524	10910.310684	507.124723
1.073849	10907.585836	505.355747
1.074174	10904.862406	503.593442
1.074499	10902.140409	501.837785
1.074825	10899.419857	500.088757
1.075150	10896.700763	498.346335
1.075475	10893.983141	496.610499
1.075801	10891.266945	494.881214
1.076126	10888.552112	493.158442
1.076451	10885.838648	491.442154
1.076777	10883.126560	489.732324
1.077102	10880.415852	488.028926
1.077427	10877.706532	486.331934
1.077753	10874.998605	484.641321
1.078078	10872.292077	482.957061
1.078403	10869.586954	481.279128
1.078729	10866.883243	479.607496
1.079054	10864.180950	477.942140
1.079379	10861.480079	476.283034
1.079705	10858.780639	474.630151
1.080030	10856.082634	472.983467
1.080355	10853.386071	471.342957
1.080681	10850.690955	469.708595
1.081006	10847.997294	468.080355
1.081331	10845.305092	466.458214
1.081657	10842.614356	464.842145
1.081982	10839.925092	463.232125
1.082307	10837.237296	461.628136
1.082633	10834.550940	460.030176
1.082958	10831.866022	458.438218
1.083283	10829.182544	456.852234
1.083609	10826.500504	455.272198
1.083934	10823.819902	453.698083
1.084259	10821.140740	452.129861
1.084585	10818.463017	450.567506
1.084910	10815.786732	449.010991
1.085235	10813.111887	447.460289
1.085561	10810.438481	445.915374
1.085886	10807.766514	444.376221
1.086211	10805.095987	442.842801
1.086537	10802.426899	441.315090
1.086862	10799.759251	439.793062
1.087187	10797.093042	438.276691
1.087513	10794.428273	436.765951
1.087838	10791.764943	435.260816
1.088163	10789.103054	433.761262
1.088488	10786.442604	432.267263
1.088814	10783.783594	430.778794
1.089139	10781.126039	429.295849
1.089464	10778.469946	427.818422
1.089790	10775.815313	426.346489
1.090115	10773.162135	424.880027
1.090440	10770.510408	423.419014
1.090766	10767.860128	421.963426
1.091091	10765.211291	420.513242
1.091416	10762.563894	419.068439
1.091742	10759.917933	417.628994
1.092067	10757.273403	416.194886
1.092392	10754.630300	414.766091
1.092718	10751.988621	413.342589
1.093043	10749.348362	411.924356
1.093368	10746.709519	410.511371
1.093694	10744.072088	409.103613
1.094019	10741.436064	407.701060
1.094344	10738.801445	406.303689
1.094670	10736.168225	404.911480
1.094995	10733.536402	403.524411
1.095320	10730.905971	402.142461
1.095646	10728.276928	400.765609
1.095971	10725.649311	399.393861
1.096296	10723.023158	398.027219
1.096622	10720.398458	396.665658
1.096947	10717.775205	395.309151
1.097272	10715.153390	393.957672
1.097598	10712.533005	392.611195
1.097923	10709.914040	391.269695
1.098248	10707.296489	389.933145
1.098574	10704.680343	388.601520
1.098899	10702.065594	387.274794
1.099224	10699.452233	385.952944
1.099550	10696.840252	384.635943
1.099875	10694.229643	383.323766
1.100200	10691.620398	382.016389
1.100526	10689.012508	380.713787
1.100851	10686.405966	379.415936
1.101176	10683.800762	378.122811
1.101502	10681.196889	376.834389
1.101827	10678.594338	375.550644
1.102152	10675.993102	374.271554
1.102477	10673.393171	372.997094
1.102803	10670.794559	371.727249
1.103128	10668.197358	370.462038
1.103453	10665.601570	369.201448
1.103779	10663.007184	367.945459
1.104104	10660.414191	366.694053
1.104429	10657.822580	365.447210
1.104755	10655.232340	364.204913
1.105080	10652.643461	362.967141
1.105405	10650.055931	361.733878
1.105731	10647.469741	360.505103
1.106056	10644.884880	359.280800
1.106381	10642.301337	358.060949
1.106707	10639.719102	356.845532
1.107032	10637.138163	355.634531
1.107357	10634.558511	354.427928
1.107683	10631.980135	353.225705
1.108008	10629.403025	352.027845
1.108333	10626.827169	350.834328
1.108659	10624.252557	349.645139
1.108984	10621.679178	348.460258
1.109309	10619.107023	347.279668
1.109635	10616.536080	346.103352
1.109960	10613.966384	344.931309
1.110285	10611.398041	343.763561
1.110611	10608.831044	342.600086
1.110936	10606.265381	341.440861
1.111261	10603.701040	340.285863
1.111587	10601.138007	339.135067
1.111912	10598.576271	337.988452
1.112237	10596.015819	336.845994
1.112563	10593.456638	335.707671
1.112888	10590.898717	334.573459
1.113213	10588.342043	333.443336
1.113539	10585.786603	332.317281
1.113864	10583.232384	331.195270
1.114189	10580.679376	330.077281
1.114515	10578.127564	328.963293
1.114840	10575.576937	327.853284
1.115165	10573.027483	326.747232
1.115490	10570.479188	325.645116
1.115816	10567.932040	324.546913
1.116141	10565.386028	323.452603
1.116466	10562.841138	322.362165
1.116792	10560.297358	321.275578
1.117117	10557.754708	320.192829
1.117442	10555.213326	319.113944
1.117768	10552.673216	318.038913
1.118093	10550.134364	316.967720
1.118418	10547.596754	315.900350
1.118744	10545.060372	314.836788
1.119069	10542.525202	313.777019
1.119394	10539.991230	312.721028
1.119720	10537.458442	311.668800
1.120045	10534.926821	310.620320
1.120370	10532.396354	309.575574
1.120696	10529.867026	308.534547
1.121021	10527.338821	307.497224
1.121346	10524.811726	306.463591
1.121672	10522.285724	305.433632
1.121997	10519.760802	304.407335
1.122322	10517.236945	303.384683
1.122648	10514.714136	302.365664
1.122973	10512.192363	301.350263
1.123298	10509.671610	300.338465
1.123624	10507.151862	299.330257
1.123949	10504.633104	298.325624
1.124274	10502.115322	297.324553
1.124600	10499.598630	296.327067
1.124925	10497.083110	295.333175
1.125250	10494.568746	294.342856
1.125576	10492.055525	293.356087
1.125901	10489.543430	292.372849
1.126226	10487.032447	291.393118
1.126552	10484.522560	290.416875
1.126877	10482.013754	289.444097
1.127202	10479.506013	288.474765
1.127528	10476.999323	287.508857
1.127853	10474.493669	286.546353
1.128178	10471.989034	285.587232
1.128504	10469.485404	284.631474
1.128829	10466.982764	283.679059
1.129154	10464.481099	282.729966
1.129479	10461.980392	281.784176
1.129805	10459.480630	280.841669
1.130130	10456.981797	279.902426
1.130455	10454.483877	278.966426
1.130781	10451.986855	278.033650
1.131106	10449.490717	277.104079
1.131431	10446.995446	276.177694
1.131757	10444.501038	275.254478
1.132082	10442.007645	274.334460
1.132407	10439.515317	273.417643
1.132733	10437.024035	272.504015
1.133058	10434.533785	271.593564
1.133383	10432.044548	270.686279
1.133709	10429.556309	269.782147
1.134034	10427.069051	268.881156
1.134359	10424.582757	267.983294
1.134685	10422.097411	267.088550
1.135010	10419.612995	266.196911
1.135335	10417.129494	265.308366
1.135661	10414.646891	264.422904
1.135986	10412.165168	263.540512
1.136311	10409.684310	262.661178
1.136637	10407.204300	261.784893
1.136962	10404.725121	260.911643
1.137287	10402.246757	260.041418
1.137613	10399.769190	259.174205
1.137938	10397.292405	258.309995
1.138263	10394.816385	257.448775
1.138589	10392.341112	256.590534
1.138914	10389.866571	255.735262
1.139239	10387.392751	254.882947
1.139565	10384.919812	254.033612
1.139890	10382.447821	253.187256
1.140215	10379.976759	252.343862
1.140541	10377.506609	251.503414
1.140866	10375.037352	250.665895
1.141191	10372.568971	249.831288
1.141517	10370.101448	248.999577
1.141842	10367.634764	248.170746
1.142167	10365.168902	247.344779
1.142492	10362.703843	246.521658
1.142818	10360.239569	245.701369
1.143143	10357.776063	244.883896
1.143468	10355.313307	244.069221
1.143794	10352.851282	243.257331
1.144119	10350.389970	242.448209
1.144444	10347.929354	241.641840
1.144770	10345.469415	240.838208
1.145095	10343.010136	240.037298
1.145420	10340.551498	239.239095
1.145746	10338.093483	238.443583
1.146071	10335.636074	237.650749
1.146396	10333.179252	236.860576
1.146722	10330.723000	236.073050
1.147047	10328.267416	235.288182
1.147372	10325.812648	234.505997
1.147698	10323.358679	233.726484
1.148023	10320.905490	232.949630
1.148348	10318.453063	232.175424
1.148674	10316.001380	231.403854
1.148999	10313.550421	230.634908
1.149324	10311.100169	229.868576
1.149650	10308.650605	229.104845
1.149975	10306.201711	228.343705
1.150300	10303.753468	227.585144
1.150626	10301.305858	226.829150
1.150951	10298.858862	226.075713
1.151276	10296.412463	225.324822
1.151602	10293.966641	224.576465
1.151927	10291.521378	223.830631
1.152252	10289.076656	223.087310
1.152578	10286.632456	222.346490
1.152903	10284.188760	221.608161
1.153228	10281.745550	220.872312
1.153554	10279.302806	220.138931
1.153879	10276.860512	219.408010
1.154204	10274.418647	218.679536
1.154530	10271.977220	217.953504
1.154855	10269.536430	217.229938
1.155180	10267.096309	216.508833
1.155506	10264.656838	215.790178
1.155831	10262.217997	215.073960
1.156156	10259.779767	214.360166
1.156481	10257.342130	213.648785
1.156807	10254.905065	212.939803
1.157132	10252.468555	212.233210
1.157457	10250.032580	211.528992
1.157783	10247.597121	210.827139
1.158108	10245.162159	210.127637
1.158433	10242.727675	209.430476
1.158759	10240.293650	208.735644
1.159084	10237.860064	208.043128
1.159409	10235.426900	207.352917
1.159735	10232.994137	206.665000
1.160060	10230.561756	205.979365
1.160385	10228.129739	205.296001
1.160711	10225.698066	204.614896
1.161036	10223.266719	203.936040
1.161361	10220.835678	203.259421
1.161687	10218.404925	202.585027
1.162012	10215.974440	201.912848
1.162337	10213.544297	201.242890
1.162663	10211.114690	200.575177
1.162988	10208.685607	199.909702
1.163313	10206.257025	199.246452
1.163639	10203.828924	198.585417
1.163964	10201.401285	197.926587
1.164289	10198.974084	197.269950
1.164615	10196.547303	196.615496
1.164940	10194.120920	195.963215
1.165265	10191.694913	195.313096
1.165591	10189.269264	194.665129
1.165916	10186.843950	194.019303
1.166241	10184.418951	193.375608
1.166567	10181.994246	192.734033
1.166892	10179.569814	192.094569
1.167217	10177.145635	191.457206
1.167543	10174.721687	190.821933
1.167868	10172.297950	190.188740
1.168193	10169.874403	189.557618
1.168519	10167.451026	188.928556
1.168844	10165.027797	188.301546
1.169169	10162.604695	187.676576
1.169494	10160.181700	187.053637
1.169820	10157.758792	186.432721
1.170145	10155.336123	185.813845
1.170470	10152.913836	185.197028
1.170796	10150.491907	184.582257
1.171121	10148.070316	183.969522
1.171446	10145.649040	183.358812
1.171772	10143.228058	182.750116
1.172097	10140.807348	182.143424
1.172422	10138.386889	181.538724
1.172748	10135.966658	180.936007
1.173073	10133.546634	180.335261
1.173398	10131.126795	179.736476
1.173724	10128.707119	179.139642
1.174049	10126.287585	178.544749
1.174374	10123.868171	177.951785
1.174700	10121.448855	177.360742
1.175025	10119.029615	176.771608
1.175350	10116.610429	176.184374
1.175676	10114.191277	175.599029
1.176001	10111.772135	175.015564
1.176326	10109.352983	174.433970
1.176652	10106.933798	173.854235
1.176977	10104.514559	173.276350
1.177302	10102.095245	172.700306
1.177628	10099.675840	172.126094
1.177953	10097.256561	171.553738
1.178278	10094.837500	170.983246
1.178604	10092.418633	170.414608
1.178929	10089.999936	169.847817
1.179254	10087.581385	169.282864
1.179580	10085.162956	168.719741
1.179905	10082.744627	168.158439
1.180230	10080.326372	167.598949
1.180556	10077.908169	167.041264
1.180881	10075.489994	166.485376
1.181206	10073.071823	165.931276
1.181532	10070.653632	165.378956
1.181857	10068.235398	164.828408
1.182182	10065.817096	164.279624
1.182508	10063.398704	163.732596
1.182833	10060.980197	163.187316
1.183158	10058.561553	162.643776
1.183483	10056.142746	162.101969
1.183809	10053.723753	161.561886
1.184134	10051.304552	161.023519
1.184459	10048.885117	160.486862
1.184785	10046.465425	159.951906
1.185110	10044.045453	159.418644
1.185435	10041.625205	158.887072
1.185761	10039.204934	158.357211
1.186086	10036.784692	157.829062
1.186411	10034.364453	157.302616
1.186737	10031.944194	156.777866
1.187062	10029.523890	156.254802
1.187387	10027.103518	155.733416
1.187713	10024.683052	155.213701
1.188038	10022.262468	154.695648
1.188363	10019.841744	154.179249
1.188689	10017.420853	153.664496
1.189014	10014.999773	153.151382
1.189339	10012.578479	152.639897
1.189665	10010.156946	152.130034
1.189990	10007.735151	151.621786
1.190315	10005.313070	151.115145
1.190641	10002.890677	150.610102
1.190966	10000.467950	150.106651
1.191291	9998.044863	149.604783
1.191617	9995.621392	149.104491
1.191942	9993.197515	148.605767
1.192267	9990.773205	148.108604
1.192593	9988.348439	147.612995
1.192918	9985.923193	147.118932
1.193243	9983.497514	146.626416
1.193569	9981.071677	146.135481
1.193894	9978.645690	145.646120
1.194219	9976.219524	145.158326
1.194545	9973.793153	144.672089
1.194870	9971.366549	144.187400
1.195195	9968.939686	143.704251
1.195521	9966.512536	143.222632
1.195846	9964.085072	142.742536
1.196171	9961.657267	142.263953
1.196496	9959.229093	141.786874
1.196822	9956.800523	141.311292
1.197147	9954.371530	140.837198
1.197472	9951.942088	140.364583
1.197798	9949.512167	139.893438
1.198123	9947.081743	139.423757
1.198448	9944.650786	138.955530
1.198774	9942.219271	138.488749
1.199099	9939.787169	138.023407
1.199424	9937.354455	137.559494
1.199750	9934.921099	137.097004
1.200075	9932.487076	136.635927
1.200400	9930.052357	136.176257
1.200726	9927.616917	135.717985
1.201051	9925.180909	135.261124
1.201376	9922.744574	134.805698
1.201702	9920.307884	134.351698
1.202027	9917.870808	133.899120
1.202352	9915.433315	133.447955
1.202678	9912.995375	132.998196
1.203003	9910.556957	132.549838
1.203328	9908.118031	132.102873
1.203654	9905.678566	131.657295
1.203979	9903.238533	131.213097
1.204304	9900.797899	130.770272
1.204630	9898.356635	130.328814
1.204955	9895.914709	129.888716
1.205280	9893.472093	129.449972
1.205606	9891.028754	129.012575
1.205931	9888.584662	128.576519
1.206256	9886.139788	128.141798
1.206582	9883.694100	127.708405
1.206907	9881.247567	127.276334
1.207232	9878.800159	126.845578
1.207558	9876.351846	126.416133
1.207883	9873.902598	125.987990
1.208208	9871.452382	125.561145
1.208534	9869.001200	125.135594
1.208859	9866.549378	124.711360
1.209184	9864.096991	124.288447
1.209510	9861.644006	123.866846
1.209835	9859.190389	123.446553
1.210160	9856.736108	123.027559
1.210485	9854.281129	122.609859
1.210811	9851.825421	122.193445
1.211136	9849.368950	121.778311
1.211461	9846.911683	121.364450
1.211787	9844.453587	120.951857
1.212112	9841.994630	120.540524
1.212437	9839.534779	120.130446
1.212763	9837.074001	119.721615
1.213088	9834.612262	119.314027
1.213413	9832.149531	118.907673
1.213739	9829.685773	118.502549
1.214064	9827.220958	118.098647
1.214389	9824.755050	117.695963
1.214715	9822.288018	117.294489
1.215040	9819.819830	116.894220
1.215365	9817.350450	116.495150
1.215691	9814.879848	116.097272
1.216016	9812.407991	115.700582
1.216341	9809.935118	115.305099
1.216667	9807.461471	114.910845
1.216992	9804.987009	114.517811
1.217317	9802.511694	114.125990
1.217643	9800.035489	113.735373
1.217968	9797.558354	113.345952
1.218293	9795.080252	112.957721
1.218619	9792.601143	112.570671
1.218944	9790.120990	112.184795
1.219269	9787.639754	111.800086
1.219595	9785.157396	111.416535
1.219920	9782.673879	111.034135
1.220245	9780.189163	110.652879
1.220571	9777.703211	110.272761
1.220896	9775.215984	109.893771
1.221221	9772.727443	109.515904
1.221547	9770.237551	109.139152
1.221872	9767.746268	108.763508
1.222197	9765.253556	108.388965
1.222523	9762.759377	108.015517
1.222848	9760.263693	107.643155
1.223173	9757.766465	107.271874
1.223498	9755.267654	106.901666
1.223824	9752.767479	106.532547
1.224149	9750.266262	106.164542
1.224474	9747.763960	105.797645
1.224800	9745.260532	105.431850
1.225125	9742.755933	105.067152
1.225450	9740.250122	104.703545
1.225776	9737.743054	104.341023
1.226101	9735.234688	103.979581
1.226426	9732.724979	103.619214
1.226752	9730.213884	103.259915
1.227077	9727.701362	102.901679
1.227402	9725.187367	102.544501
1.227728	9722.671858	102.188376
1.228053	9720.154791	101.833297
1.228378	9717.636123	101.479260
1.228704	9715.115811	101.126260
1.229029	9712.593813	100.774291
1.229354	9710.070084	100.423348
1.229680	9707.544581	100.073425
1.230005	9705.017263	99.724519
1.230330	9702.488085	99.376623
1.230656	9699.957005	99.029732
1.230981	9697.423985	98.683843
1.231306	9694.889406	98.338980
1.231632	9692.353477	97.995155
1.231957	9689.816150	97.652362
1.232282	9687.277377	97.310594
1.232608	9684.737109	96.969844
1.232933	9682.195298	96.630106
1.233258	9679.651896	96.291373
1.233584	9677.106854	95.953639
1.233909	9674.560124	95.616898
1.234234	9672.011658	95.281143
1.234560	9669.461407	94.946368
1.234885	9666.909323	94.612566
1.235210	9664.355358	94.279732
1.235536	9661.799463	93.947860
1.235861	9659.241590	93.616942
1.236186	9656.681690	93.286974
1.236512	9654.119716	92.957949
1.236837	9651.555619	92.629862
1.237162	9648.989351	92.302706
1.237487	9646.420863	91.976475
1.237813	9643.850107	91.651165
1.238138	9641.277034	91.326769
1.238463	9638.701553	91.003278
1.238789	9636.123565	90.680684
1.239114	9633.543137	90.358990
1.239439	9630.960344	90.038199
1.239765	9628.375264	89.718316
1.240090	9625.787970	89.399344
1.240415	9623.198539	89.081287
1.240741	9620.607047	88.764147
1.241066	9618.013568	88.447929
1.241391	9615.418179	88.132635
1.241717	9612.820954	87.818270
1.242042	9610.221971	87.504836
1.242367	9607.621303	87.192336
1.242693	9605.019027	86.880774
1.243018	9602.415218	86.570152
1.243343	9599.809951	86.260473
1.243669	9597.203303	85.951741
1.243994	9594.595349	85.643959
1.244319	9591.986165	85.337128
1.244645	9589.375825	85.031252
1.244970	9586.764406	84.726333
1.245295	9584.151983	84.422374
1.245621	9581.538293	84.119354
1.245946	9578.922577	83.817215
1.246271	9576.304887	83.515958
1.246597	9573.685317	83.215590
1.246922	9571.063957	82.916113
1.247247	9568.440901	82.617534
1.247573	9565.816240	82.319856
1.247898	9563.190067	82.023083
1.248223	9560.562474	81.727221
1.248549	9557.933554	81.432273
1.248874	9555.303398	81.138243
1.249199	9552.672099	80.845135
1.249525	9550.039749	80.552954
1.249850	9547.406441	80.261704
1.250175	9544.772266	79.971388
1.250501	9542.137318	79.682009
1.250826	9539.501687	79.393573
1.251151	9536.865468	79.106082
1.251476	9534.228750	78.819539
1.251802	9531.591628	78.533950
1.252127	9528.954193	78.249316
1.252452	9526.316538	77.965641
1.252778	9523.678426	77.682904
1.253103	9521.039434	77.401072
1.253428	9518.399575	77.120143
1.253754	9515.758862	76.840115
1.254079	9513.117309	76.560989
1.254404	9510.474932	76.282762
1.254730	9507.831744	76.005433
1.255055	9505.187759	75.729002
1.255380	9502.542993	75.453467
1.255706	9499.897459	75.178827
1.256031	9497.251172	74.905081
1.256356	9494.604145	74.632227
1.256682	9491.956395	74.360265
1.257007	9489.307933	74.089193
1.257332	9486.658776	73.819010
1.257658	9484.008938	73.549714
1.257983	9481.358432	73.281306
1.258308	9478.707273	73.013782
1.258634	9476.055476	72.747142
1.258959	9473.403054	72.481385
1.259284	9470.750023	72.216510
1.259610	9468.096396	71.952514
1.259935	9465.442170	71.689396
1.260260	9462.787328	71.427152
1.260586	9460.131860	71.165777
1.260911	9457.475753	70.905268
1.261236	9454.818996	70.645620
1.261562	9452.161577	70.386830
1.261887	9449.503483	70.128893
1.262212	9446.844704	69.871807
1.262538	9444.185227	69.615566
1.262863	9441.525040	69.360168
1.263188	9438.864133	69.105607
1.263514	9436.202493	68.851881
1.263839	9433.540107	68.598986
1.264164	9430.876966	68.346918
1.264489	9428.213056	68.095673
1.264815	9425.548366	67.845247
1.265140	9422.882885	67.595638
1.265465	9420.216599	67.346840
1.265791	9417.549499	67.098851
1.266116	9414.881571	66.851667
1.266441	9412.212804	66.605284
1.266767	9409.543215	66.359700
1.267092	9406.873015	66.114926
1.267417	9404.202225	65.870962
1.267743	9401.530814	65.627803
1.268068	9398.858749	65.385445
1.268393	9396.185999	65.143885
1.268719	9393.512532	64.903119
1.269044	9390.838317	64.663143
1.269369	9388.163323	64.423953
1.269695	9385.487517	64.185545
1.270020	9382.810867	63.947916
1.270345	9380.133343	63.711063
1.270671	9377.454913	63.474981
1.270996	9374.775544	63.239666
1.271321	9372.095206	63.005116
1.271647	9369.413867	62.771327
1.271972	9366.731495	62.538294
1.272297	9364.048059	62.306015
1.272623	9361.363526	62.074486
1.272948	9358.677866	61.843703
1.273273	9355.991046	61.613664
1.273599	9353.303035	61.384363
1.273924	9350.614008	61.155809
1.274249	9347.924264	60.928011
1.274575	9345.233760	60.700966
1.274900	9342.542452	60.474668
1.275225	9339.850293	60.249115
1.275551	9337.157238	60.024301
1.275876	9334.463241	59.800222
1.276201	9331.768255	59.576873
1.276527	9329.072236	59.354251
1.276852	9326.375137	59.132351
1.277177	9323.676913	58.911168
1.277503	9320.977517	58.690700
1.277828	9318.276904	58.470941
1.278153	9315.575028	58.251887
1.278478	9312.871843	58.033535
1.278804	9310.167304	57.815880
1.279129	9307.461363	57.598918
1.279454	9304.753977	57.382645
1.279780	9302.045098	57.167058
1.280105	9299.334682	56.952152
1.280430	9296.622681	56.737924
1.280756	9293.909155	56.524374
1.281081	9291.194640	56.311526
1.281406	9288.479167	56.099380
1.281732	9285.762668	55.887930
1.282057	9283.045076	55.677170
1.282382	9280.326326	55.467096
1.282708	9277.606350	55.257702
1.283033	9274.885083	55.048984
1.283358	9272.162458	54.840935
1.283684	9269.438408	54.633552
1.284009	9266.712867	54.426829
1.284334	9263.985768	54.220761
1.284660	9261.257046	54.015343
1.284985	9258.526633	53.810571
1.285310	9255.794463	53.606439
1.285636	9253.060470	53.402943
1.285961	9250.324587	53.200078
1.286286	9247.586748	52.997840
1.286612	9244.846885	52.796223
1.286937	9242.104934	52.595224
1.287262	9239.360827	52.394837
1.287588	9236.614598	52.195063
1.287913	9233.866965	51.995933
1.288238	9231.118012	51.797451
1.288564	9228.367653	51.599609
1.288889	9225.615802	51.402402
1.289214	9222.862371	51.205825
1.289540	9220.107275	51.009872
1.289865	9217.350427	50.814536
1.290190	9214.591740	50.619813
1.290516	9211.831127	50.425697
1.290841	9209.068504	50.232183
1.291166	9206.303782	50.039264
1.291491	9203.536875	49.846937
1.291817	9200.767698	49.655194
1.292142	9197.996162	49.464032
1.292467	9195.222183	49.273445
1.292793	9192.445673	49.083427
1.293118	9189.666546	48.893975
1.293443	9186.884716	48.705081
1.293769	9184.100095	48.516743
1.294094	9181.312598	48.328954
1.294419	9178.522477	48.141724
1.294745	9175.730548	47.955087
1.295070	9172.936759	47.769038
1.295395	9170.141002	47.583571
1.295721	9167.343175	47.398682
1.296046	9164.543171	47.214365
1.296371	9161.740885	47.030613
1.296697	9158.936213	46.847422
1.297022	9156.129049	46.664787
1.297347	9153.319289	46.482701
1.297673	9150.506827	46.301161
1.297998	9147.691558	46.120159
1.298323	9144.873377	45.939692
1.298649	9142.052179	45.759755
1.298974	9139.227859	45.580341
1.299299	9136.400312	45.401446
1.299625	9133.569432	45.223066
1.299950	9130.735116	45.045195
1.300275	9127.897257	44.867828
1.300601	9125.055751	44.690961
1.300926	9122.210662	44.514595
1.301251	9119.363060	44.338769
1.301577	9116.513044	44.163484
1.301902	9113.660479	43.988735
1.302227	9110.805233	43.814516
1.302553	9107.947169	43.640821
1.302878	9105.086156	43.467644
1.303203	9102.222058	43.294980
1.303529	9099.354742	43.122822
1.303854	9096.484074	42.951166
1.304179	9093.609920	42.780006
1.304505	9090.732145	42.609336
1.304830	9087.850616	42.439152
1.305155	9084.965199	42.269446
1.305480	9082.075759	42.100216
1.305806	9079.182164	41.931454
1.306131	9076.284278	41.763156
1.306456	9073.381968	41.595318
1.306782	9070.475100	41.427933
1.307107	9067.563540	41.260997
1.307432	9064.647684	41.094525
1.307758	9061.728733	40.928558
1.308083	9058.806585	40.763093
1.308408	9055.881070	40.598120
1.308734	9052.952020	40.433634
1.309059	9050.019265	40.269627
1.309384	9047.082637	40.106090
1.309710	9044.141965	39.943019
1.310035	9041.197082	39.780404
1.310360	9038.247817	39.618240
1.310686	9035.294001	39.456519
1.311011	9032.335466	39.295235
1.311336	9029.372041	39.134381
1.311662	9026.403559	38.973950
1.311987	9023.429849	38.813936
1.312312	9020.450742	38.654333
1.312638	9017.466070	38.495133
1.312963	9014.475663	38.336331
1.313288	9011.479351	38.177920
1.313614	9008.477454	38.019912
1.313939	9005.471544	37.862361
1.314264	9002.461564	37.705263
1.314590	8999.447294	37.548612
1.314915	8996.428515	37.392400
1.315240	8993.405008	37.236618
1.315566	8990.376552	37.081260
1.315891	8987.342928	36.926317
1.316216	8984.303916	36.771783
1.316542	8981.259298	36.617649
1.316867	8978.208854	36.463910
1.317192	8975.152364	36.310557
1.317518	8972.089608	36.157583
1.317843	8969.020367	36.004983
1.318168	8965.944422	35.852748
1.318493	8962.861553	35.700872
1.318819	8959.771540	35.549349
1.319144	8956.674164	35.398171
1.319469	8953.569070	35.247329
1.319795	8950.453004	35.096724
1.320120	8947.325475	34.946342
1.320445	8944.187573	34.796219
1.320771	8941.040388	34.646389
1.321096	8937.885010	34.496885
1.321421	8934.722529	34.347742
1.321747	8931.554036	34.198992
1.322072	8928.380619	34.050667
1.322397	8925.203370	33.902799
1.322723	8922.023378	33.755421
1.323048	8918.841734	33.608562
1.323373	8915.659526	33.462254
1.323699	8912.477846	33.316526
1.324024	8909.297784	33.171408
1.324349	8906.120429	33.026930
1.324675	8902.946872	32.883119
1.325000	8899.778202	32.740005
