1.000000	14207.841677	6558.784942
1.000801	14207.718524	6531.215619
1.001602	14207.595223	6503.776553
1.002402	14207.471764	6476.467048
1.003203	14207.348134	6449.286415
1.004004	14207.224335	6422.233957
1.004805	14207.100529	6395.308893
1.005606	14206.976754	6368.510511
1.006406	14206.852998	6341.838134
1.007207	14206.729249	6315.291089
1.008008	14206.605495	6288.868705
1.008809	14206.481724	6262.570318
1.009610	14206.357923	6236.395267
1.010410	14206.234079	6210.342894
1.011211	14206.110182	6184.412546
1.012012	14205.986218	6158.603574
1.012813	14205.862175	6132.915332
1.013614	14205.738041	6107.347179
1.014414	14205.613804	6081.898477
1.015215	14205.489452	6056.568593
1.016016	14205.364972	6031.356896
1.016817	14205.240352	6006.262760
1.017618	14205.115579	5981.285563
1.018418	14204.990643	5956.424687
1.019219	14204.865529	5931.679517
1.020020	14204.740227	5907.049440
1.020821	14204.614723	5882.533850
1.021622	14204.489006	5858.132144
1.022422	14204.363063	5833.843719
1.023223	14204.236883	5809.667981
1.024024	14204.110452	5785.604336
1.024825	14203.983759	5761.652194
1.025626	14203.856791	5737.810969
1.026426	14203.729536	5714.080079
1.027227	14203.601982	5690.458945
1.028028	14203.474161	5666.946991
1.028829	14203.346250	5643.543636
1.029630	14203.218257	5620.248305
1.030430	14203.090170	5597.060423
1.031231	14202.961975	5573.979421
1.032032	14202.833658	5551.004732
1.032833	14202.705205	5528.135794
1.033634	14202.576603	5505.372047
1.034434	14202.447839	5482.712934
1.035235	14202.318899	5460.157904
1.036036	14202.189770	5437.706406
1.036837	14202.060437	5415.357895
1.037638	14201.930887	5393.111828
1.038438	14201.801107	5370.967665
1.039239	14201.671082	5348.924870
1.040040	14201.540801	5326.982911
1.040841	14201.410248	5305.141256
1.041642	14201.279411	5283.399381
1.042442	14201.148275	5261.756761
1.043243	14201.016828	5240.212876
1.044044	14200.885056	5218.767209
1.044845	14200.752944	5197.419246
1.045646	14200.620480	5176.168476
1.046446	14200.487650	5155.014391
1.047247	14200.354441	5133.956487
1.048048	14200.220838	5112.994262
1.048849	14200.086828	5092.127216
1.049650	14199.952398	5071.354855
1.050450	14199.817535	5050.676685
1.051251	14199.682224	5030.092216
1.052052	14199.546511	5009.600992
1.052853	14199.410590	4989.202623
1.053654	14199.274464	4968.896630
1.054454	14199.138117	4948.682525
1.055255	14199.001535	4928.559822
1.056056	14198.864702	4908.528041
1.056857	14198.727605	4888.586703
1.057658	14198.590227	4868.735332
1.058458	14198.452555	4848.973454
1.059259	14198.314572	4829.300601
1.060060	14198.176265	4809.716305
1.060861	14198.037617	4790.220102
1.061662	14197.898615	4770.811530
1.062462	14197.759244	4751.490131
1.063263	14197.619488	4732.255448
1.064064	14197.479332	4713.107030
1.064865	14197.338762	4694.044425
1.065666	14197.197763	4675.067186
1.066466	14197.056319	4656.174867
1.067267	14196.914416	4637.367027
1.068068	14196.772039	4618.643227
1.068869	14196.629173	4600.003029
1.069670	14196.485803	4581.445998
1.070470	14196.341915	4562.971704
1.071271	14196.197492	4544.579718
1.072072	14196.052521	4526.269612
1.072873	14195.906986	4508.040963
1.073674	14195.760872	4489.893350
1.074474	14195.614165	4471.826354
1.075275	14195.466849	4453.839558
1.076076	14195.318966	4435.932594
1.076877	14195.170735	4418.105236
1.077678	14195.022166	4400.357087
1.078478	14194.873242	4382.687731
1.079279	14194.723946	4365.096755
1.080080	14194.574262	4347.583747
1.080881	14194.424172	4330.148299
1.081682	14194.273661	4312.790005
1.082482	14194.122711	4295.508461
1.083283	14193.971305	4278.303266
1.084084	14193.819426	4261.174022
1.084885	14193.667058	4244.120332
1.085686	14193.514184	4227.141803
1.086486	14193.360788	4210.238043
1.087287	14193.206851	4193.408664
1.088088	14193.052358	4176.653278
1.088889	14192.897292	4159.971502
1.089690	14192.741635	4143.362954
1.090490	14192.585372	4126.827254
1.091291	14192.428485	4110.364025
1.092092	14192.270957	4093.972891
1.092893	14192.112772	4077.653481
1.093694	14191.953913	4061.405423
1.094494	14191.794363	4045.228350
1.095295	14191.634105	4029.121896
1.096096	14191.473123	4013.085696
1.096897	14191.311399	3997.119390
1.097698	14191.148917	3981.222618
1.098498	14190.985660	3965.395023
1.099299	14190.821611	3949.636249
1.100100	14190.656796	3933.945993
1.100901	14190.491467	3918.324204
1.101702	14190.325651	3902.770571
1.102503	14190.159331	3887.284730
1.103303	14189.992487	3871.866321
1.104104	14189.825099	3856.514983
1.104905	14189.657149	3841.230362
1.105706	14189.488618	3826.012102
1.106507	14189.319487	3810.859852
1.107307	14189.149737	3795.773260
1.108108	14188.979348	3780.751981
1.108909	14188.808301	3765.795668
1.109710	14188.636579	3750.903977
1.110511	14188.464160	3736.076569
1.111311	14188.291028	3721.313103
1.112112	14188.117162	3706.613243
1.112913	14187.942543	3691.976654
1.113714	14187.767152	3677.403003
1.114515	14187.590971	3662.891961
1.115315	14187.413980	3648.443198
1.116116	14187.236161	3634.056388
1.116917	14187.057493	3619.731207
1.117718	14186.877959	3605.467332
1.118519	14186.697539	3591.264443
1.119319	14186.516214	3577.122222
1.120120	14186.333965	3563.040352
1.120921	14186.150773	3549.018519
1.121722	14185.966619	3535.056411
1.122523	14185.781484	3521.153717
1.123323	14185.595349	3507.310128
1.124124	14185.408230	3493.525372
1.124925	14185.220409	3479.799437
1.125726	14185.031937	3466.132093
1.126527	14184.842791	3452.523041
1.127327	14184.652949	3438.971985
1.128128	14184.462389	3425.478632
1.128929	14184.271090	3412.042689
1.129730	14184.079030	3398.663865
1.130531	14183.886186	3385.341873
1.131331	14183.692537	3372.076425
1.132132	14183.498061	3358.867235
1.132933	14183.302737	3345.714020
1.133734	14183.106542	3332.616498
1.134535	14182.909454	3319.574389
1.135335	14182.711452	3306.587414
1.136136	14182.512514	3293.655296
1.136937	14182.312617	3280.777761
1.137738	14182.111741	3267.954535
1.138539	14181.909862	3255.185345
1.139339	14181.706960	3242.469921
1.140140	14181.503013	3229.807995
1.140941	14181.297998	3217.199300
1.141742	14181.091894	3204.643570
1.142543	14180.884678	3192.140540
1.143343	14180.676330	3179.689950
1.144144	14180.466826	3167.291537
1.144945	14180.256146	3154.945042
1.145746	14180.044267	3142.650209
1.146547	14179.831168	3130.406780
1.147347	14179.616827	3118.214501
1.148148	14179.401270	3106.073172
1.148949	14179.184830	3093.982913
1.149750	14178.967551	3081.943520
1.150551	14178.749406	3069.954716
1.151351	14178.530370	3058.016224
1.152152	14178.310418	3046.127769
1.152953	14178.089523	3034.289079
1.153754	14177.867659	3022.499881
1.154555	14177.644801	3010.759908
1.155355	14177.420923	2999.068891
1.156156	14177.195999	2987.426566
1.156957	14176.970003	2975.832667
1.157758	14176.742910	2964.286934
1.158559	14176.514693	2952.789105
1.159359	14176.285327	2941.338921
1.160160	14176.054786	2929.936127
1.160961	14175.823044	2918.580466
1.161762	14175.590075	2907.271686
1.162563	14175.355854	2896.009534
1.163363	14175.120355	2884.793760
1.164164	14174.883551	2873.624115
1.164965	14174.645417	2862.500353
1.165766	14174.405928	2851.422228
1.166567	14174.165056	2840.389497
1.167367	14173.922777	2829.401917
1.168168	14173.679065	2818.459248
1.168969	14173.433894	2807.561251
1.169770	14173.187238	2796.707689
1.170571	14172.939071	2785.898327
1.171371	14172.689368	2775.132929
1.172172	14172.438239	2764.411438
1.172973	14172.186041	2753.734105
1.173774	14171.932765	2743.100718
1.174575	14171.678382	2732.511040
1.175375	14171.422864	2721.964835
1.176176	14171.166180	2711.461869
1.176977	14170.908303	2701.001907
1.177778	14170.649202	2690.584720
1.178579	14170.388849	2680.210076
1.179379	14170.127214	2669.877748
1.180180	14169.864267	2659.587509
1.180981	14169.599981	2649.339134
1.181782	14169.334325	2639.132398
1.182583	14169.067271	2628.967080
1.183383	14168.798789	2618.842958
1.184184	14168.528850	2608.759814
1.184985	14168.257424	2598.717429
1.185786	14167.984483	2588.715587
1.186587	14167.709998	2578.754072
1.187387	14167.433938	2568.832671
1.188188	14167.156276	2558.951173
1.188989	14166.876981	2549.109365
1.189790	14166.596025	2539.307039
1.190591	14166.313378	2529.543986
1.191391	14166.029011	2519.820001
1.192192	14165.742895	2510.134876
1.192993	14165.455001	2500.488410
1.193794	14165.165299	2490.880398
1.194595	14164.873761	2481.310640
1.195395	14164.580382	2471.778964
1.196196	14164.285573	2462.285658
1.196997	14163.989462	2452.830690
1.197798	14163.692011	2443.413848
1.198599	14163.393187	2434.034924
1.199399	14163.092952	2424.693709
1.200200	14162.791273	2415.389997
1.201001	14162.488113	2406.123582
1.201802	14162.183437	2396.894261
1.202603	14161.877210	2387.701830
1.203403	14161.569397	2378.546090
1.204204	14161.259961	2369.426840
1.205005	14160.948868	2360.343882
1.205806	14160.636081	2351.297019
1.206607	14160.321567	2342.286056
1.207407	14160.005288	2333.310798
1.208208	14159.687211	2324.371053
1.209009	14159.367299	2315.466628
1.209810	14159.045516	2306.597335
1.210611	14158.721828	2297.762983
1.211411	14158.396200	2288.963384
1.212212	14158.068595	2280.198354
1.213013	14157.738978	2271.467706
1.213814	14157.407315	2262.771256
1.214615	14157.073568	2254.108823
1.215415	14156.737704	2245.480224
1.216216	14156.399686	2236.885279
1.217017	14156.059480	2228.323810
1.217818	14155.717050	2219.795639
1.218619	14155.372386	2211.300616
1.219419	14155.025939	2202.839043
1.220220	14154.677854	2194.410916
1.221021	14154.328092	2186.016055
1.221822	14153.976617	2177.654281
1.222623	14153.623393	2169.325415
1.223423	14153.268382	2161.029280
1.224224	14152.911547	2152.765700
1.225025	14152.552851	2144.534500
1.225826	14152.192257	2136.335508
1.226627	14151.829729	2128.168549
1.227427	14151.465229	2120.033454
1.228228	14151.098720	2111.930053
1.229029	14150.730166	2103.858176
1.229830	14150.359529	2095.817656
1.230631	14149.986773	2087.808326
1.231431	14149.611860	2079.830022
1.232232	14149.234754	2071.882578
1.233033	14148.855418	2063.965831
1.233834	14148.473814	2056.079620
1.234635	14148.089906	2048.223784
1.235435	14147.703656	2040.398162
1.236236	14147.315028	2032.602596
1.237037	14146.923986	2024.836929
1.237838	14146.530491	2017.101003
1.238639	14146.134506	2009.394663
1.239439	14145.735996	2001.717756
1.240240	14145.334923	1994.070126
1.241041	14144.931250	1986.451622
1.241842	14144.525161	1978.862298
1.242643	14144.117092	1971.302435
1.243443	14143.707020	1963.771885
1.244244	14143.294905	1956.270488
1.245045	14142.880710	1948.798082
1.245846	14142.464395	1941.354510
1.246647	14142.045922	1933.939613
1.247447	14141.625253	1926.553234
1.248248	14141.202348	1919.195219
1.249049	14140.777169	1911.865412
1.249850	14140.349677	1904.563660
1.250651	14139.919834	1897.289811
1.251451	14139.487601	1890.043713
1.252252	14139.052939	1882.825217
1.253053	14138.615810	1875.634173
1.253854	14138.176175	1868.470433
1.254655	14137.733995	1861.333850
1.255455	14137.289232	1854.224278
1.256256	14136.841847	1847.141572
1.257057	14136.391801	1840.085588
1.257858	14135.939056	1833.056183
1.258659	14135.483573	1826.053215
1.259459	14135.025313	1819.076544
1.260260	14134.564238	1812.126028
1.261061	14134.100309	1805.201530
1.261862	14133.633487	1798.302910
1.262663	14133.163734	1791.430033
1.263463	14132.691012	1784.582762
1.264264	14132.215553	1777.761181
1.265065	14131.737731	1770.965491
1.265866	14131.257514	1764.195562
1.266667	14130.774865	1757.451266
1.267467	14130.289750	1750.732472
1.268268	14129.802132	1744.039054
1.269069	14129.311975	1737.370883
1.269870	14128.819244	1730.727833
1.270671	14128.323902	1724.109780
1.271471	14127.825915	1717.516596
1.272272	14127.325245	1710.948160
1.273073	14126.821857	1704.404347
1.273874	14126.315716	1697.885036
1.274675	14125.806785	1691.390104
1.275475	14125.295029	1684.919431
1.276276	14124.780411	1678.472896
1.277077	14124.262896	1672.050382
1.277878	14123.742448	1665.651768
1.278679	14123.219032	1659.276938
1.279479	14122.692611	1652.925775
1.280280	14122.163149	1646.598162
1.281081	14121.630610	1640.293984
1.281882	14121.094960	1634.013127
1.282683	14120.556161	1627.755476
1.283483	14120.014179	1621.520919
1.284284	14119.468976	1615.309343
1.285085	14118.920518	1609.120636
1.285886	14118.368887	1602.954768
1.286687	14117.814497	1596.811929
1.287487	14117.257359	1590.692035
1.288288	14116.697441	1584.594973
1.289089	14116.134712	1578.520631
1.289890	14115.569139	1572.468897
1.290691	14115.000690	1566.439660
1.291491	14114.429334	1560.432810
1.292292	14113.855039	1554.448238
1.293093	14113.277773	1548.485835
1.293894	14112.697504	1542.545493
1.294695	14112.114199	1536.627105
1.295495	14111.527828	1530.730564
1.296296	14110.938359	1524.855764
1.297097	14110.345758	1519.002601
1.297898	14109.749996	1513.170968
1.298699	14109.151039	1507.360764
1.299499	14108.548855	1501.571884
1.300300	14107.943414	1495.804225
1.301101	14107.334682	1490.057687
1.301902	14106.722629	1484.332167
1.302703	14106.107222	1478.627566
1.303504	14105.488429	1472.943782
1.304304	14104.866218	1467.280717
1.305105	14104.240558	1461.638273
1.305906	14103.611417	1456.016350
1.306707	14102.978763	1450.414852
1.307508	14102.342813	1444.833795
1.308308	14101.703792	1439.273204
1.309109	14101.061675	1433.732998
1.309910	14100.416436	1428.213093
1.310711	14099.768051	1422.713411
1.311512	14099.116495	1417.233868
1.312312	14098.461743	1411.774385
1.313113	14097.803771	1406.334882
1.313914	14097.142552	1400.915279
1.314715	14096.478063	1395.515497
1.315516	14095.810279	1390.135457
1.316316	14095.139175	1384.775080
1.317117	14094.464725	1379.434289
1.317918	14093.786906	1374.113005
1.318719	14093.105692	1368.811151
1.319520	14092.421058	1363.528650
1.320320	14091.732979	1358.265426
1.321121	14091.041432	1353.021403
1.321922	14090.346390	1347.796504
1.322723	14089.647828	1342.590654
1.323524	14088.945723	1337.403779
1.324324	14088.240049	1332.235802
1.325125	14087.530782	1327.086651
1.325926	14086.817895	1321.956251
1.326727	14086.101366	1316.844529
1.327528	14085.381168	1311.751410
1.328328	14084.657452	1306.676885
1.329129	14083.930368	1301.620934
1.329930	14083.199901	1296.583476
1.330731	14082.466038	1291.564433
1.331532	14081.728762	1286.563723
1.332332	14080.988060	1281.581269
1.333133	14080.243917	1276.616992
1.333934	14079.496317	1271.670812
1.334735	14078.745247	1266.742654
1.335536	14077.990691	1261.832438
1.336336	14077.232635	1256.940088
1.337137	14076.471064	1252.065529
1.337938	14075.705963	1247.208682
1.338739	14074.937317	1242.369474
1.339540	14074.165112	1237.547827
1.340340	14073.389334	1232.743669
1.341141	14072.609967	1227.956924
1.341942	14071.826996	1223.187517
1.342743	14071.040407	1218.435376
1.343544	14070.250186	1213.700428
1.344344	14069.456316	1208.982599
1.345145	14068.658785	1204.281816
1.345946	14067.857576	1199.598008
1.346747	14067.052676	1194.931104
1.347548	14066.244069	1190.281031
1.348348	14065.431773	1185.647711
1.349149	14064.615903	1181.031054
1.349950	14063.796465	1176.431010
1.350751	14062.973454	1171.847536
1.351552	14062.146866	1167.280587
1.352352	14061.316694	1162.730118
1.353153	14060.482934	1158.196085
1.353954	14059.645580	1153.678443
1.354755	14058.804627	1149.177149
1.355556	14057.960071	1144.692156
1.356356	14057.111905	1140.223422
1.357157	14056.260126	1135.770902
1.357958	14055.404726	1131.334552
1.358759	14054.545702	1126.914327
1.359560	14053.683048	1122.510183
1.360360	14052.816759	1118.122077
1.361161	14051.946830	1113.749963
1.361962	14051.073255	1109.393799
1.362763	14050.196029	1105.053541
1.363564	14049.315148	1100.729143
1.364364	14048.430605	1096.420563
1.365165	14047.542396	1092.127757
1.365966	14046.650516	1087.850680
1.366767	14045.754959	1083.589290
1.367568	14044.855720	1079.343542
1.368368	14043.952813	1075.113344
1.369169	14043.046276	1070.898534
1.369970	14042.136109	1066.699058
1.370771	14041.222308	1062.514864
1.371572	14040.304873	1058.345903
1.372372	14039.383801	1054.192124
1.373173	14038.459088	1050.053477
1.373974	14037.530734	1045.929911
1.374775	14036.598735	1041.821378
1.375576	14035.663089	1037.727826
1.376376	14034.723795	1033.649207
1.377177	14033.780849	1029.585471
1.377978	14032.834249	1025.536569
1.378779	14031.883993	1021.502451
1.379580	14030.930079	1017.483069
1.380380	14029.972504	1013.478375
1.381181	14029.011266	1009.488318
1.381982	14028.046363	1005.512851
1.382783	14027.077792	1001.551925
1.383584	14026.105551	997.605493
1.384384	14025.129637	993.673505
1.385185	14024.150049	989.755914
1.385986	14023.166784	985.852673
1.386787	14022.179839	981.963733
1.387588	14021.189217	978.089039
1.388388	14020.194953	974.228468
1.389189	14019.197052	970.381956
1.389990	14018.195510	966.549462
1.390791	14017.190323	962.730942
1.391592	14016.181486	958.926352
1.392392	14015.168996	955.135649
1.393193	14014.152848	951.358791
1.393994	14013.133039	947.595734
1.394795	14012.109563	943.846436
1.395596	14011.082417	940.110854
1.396396	14010.051598	936.388945
1.397197	14009.017099	932.680667
1.397998	14007.978919	928.985977
1.398799	14006.937051	925.304834
1.399600	14005.891493	921.637195
1.400400	14004.842240	917.983018
1.401201	14003.789288	914.342260
1.402002	14002.732633	910.714881
1.402803	14001.672271	907.100839
1.403604	14000.608197	903.500091
1.404404	13999.540408	899.912596
1.405205	13998.468898	896.338312
1.406006	13997.393665	892.777200
1.406807	13996.314718	889.229209
1.407608	13995.232137	885.694250
1.408408	13994.145928	882.172267
1.409209	13993.056079	878.663214
1.410010	13991.962581	875.167044
1.410811	13990.865422	871.683709
1.411612	13989.764591	868.213162
1.412412	13988.660077	864.755359
1.413213	13987.551871	861.310252
1.414014	13986.439960	857.877795
1.414815	13985.324334	854.457943
1.415616	13984.204982	851.050649
1.416416	13983.081894	847.655869
1.417217	13981.955059	844.273556
1.418018	13980.824465	840.903667
1.418819	13979.690102	837.546156
1.419620	13978.551959	834.200978
1.420420	13977.410026	830.868088
1.421221	13976.264291	827.547443
1.422022	13975.114743	824.238998
1.422823	13973.961372	820.942709
1.423624	13972.804168	817.658533
1.424424	13971.643118	814.386424
1.425225	13970.478213	811.126341
1.426026	13969.309556	807.878246
1.426827	13968.137256	804.642099
1.427628	13966.961292	801.417857
1.428428	13965.781645	798.205472
1.429229	13964.598293	795.004901
1.430030	13963.411216	791.816097
1.430831	13962.220392	788.639016
1.431632	13961.025802	785.473613
1.432432	13959.827424	782.319844
1.433233	13958.625237	779.177664
1.434034	13957.419222	776.047030
1.434835	13956.209356	772.927897
1.435636	13954.995620	769.820223
1.436436	13953.777993	766.723963
1.437237	13952.556454	763.639074
1.438038	13951.330982	760.565514
1.438839	13950.101556	757.503239
1.439640	13948.868156	754.452207
1.440440	13947.630761	751.412375
1.441241	13946.389350	748.383701
1.442042	13945.143903	745.366144
1.442843	13943.894398	742.359661
1.443644	13942.640816	739.364211
1.444444	13941.383296	736.379787
1.445245	13940.122066	733.406400
1.446046	13938.857094	730.443999
1.446847	13937.588345	727.492533
1.447648	13936.315783	724.551953
1.448448	13935.039373	721.622207
1.449249	13933.759081	718.703248
1.450050	13932.474872	715.795025
1.450851	13931.186709	712.897489
1.451652	13929.894559	710.010591
1.452452	13928.598386	707.134284
1.453253	13927.298154	704.268519
1.454054	13925.993829	701.413249
1.454855	13924.685377	698.568425
1.455656	13923.372760	695.734001
1.456456	13922.055946	692.909930
1.457257	13920.734897	690.096164
1.458058	13919.409580	687.292659
1.458859	13918.079959	684.499367
1.459660	13916.746000	681.716244
1.460460	13915.407666	678.943243
1.461261	13914.064923	676.180320
1.462062	13912.717750	673.427433
1.462863	13911.366535	670.684664
1.463664	13910.011433	667.952021
1.464464	13908.652392	665.229453
1.465265	13907.289362	662.516907
1.466066	13905.922290	659.814332
1.466867	13904.551125	657.121677
1.467668	13903.175816	654.438891
1.468468	13901.796309	651.765924
1.469269	13900.412555	649.102725
1.470070	13899.024501	646.449244
1.470871	13897.632096	643.805433
1.471672	13896.235287	641.171243
1.472472	13894.834024	638.546624
1.473273	13893.428255	635.931528
1.474074	13892.017928	633.325909
1.474875	13890.602992	630.729717
1.475676	13889.183394	628.142906
1.476476	13887.759083	625.565429
1.477277	13886.330009	622.997239
1.478078	13884.896118	620.438290
1.478879	13883.457360	617.888537
1.479680	13882.013682	615.347934
1.480480	13880.565452	612.816553
1.481281	13879.113049	610.294471
1.482082	13877.656406	607.781635
1.482883	13876.195456	605.277996
1.483684	13874.730134	602.783502
1.484484	13873.260372	600.298104
1.485285	13871.786104	597.821751
1.486086	13870.307263	595.354394
1.486887	13868.823783	592.895985
1.487688	13867.335597	590.446475
1.488488	13865.842640	588.005815
1.489289	13864.344843	585.573959
1.490090	13862.842141	583.150858
1.490891	13861.334468	580.736466
1.491692	13859.821756	578.330735
1.492492	13858.303939	575.933621
1.493293	13856.780951	573.545076
1.494094	13855.252725	571.165055
1.494895	13853.719194	568.793513
1.495696	13852.180293	566.430406
1.496496	13850.635953	564.075688
1.497297	13849.086150	561.729328
1.498098	13847.531550	559.391489
1.498899	13845.972347	557.062197
1.499700	13844.408462	554.741397
1.500501	13842.839812	552.429036
1.501301	13841.266317	550.125062
1.502102	13839.687895	547.829420
1.502903	13838.104466	545.542060
1.503704	13836.515947	543.262928
1.504505	13834.922259	540.991975
1.505305	13833.323319	538.729148
1.506106	13831.719048	536.474398
1.506907	13830.109362	534.227675
1.507708	13828.494182	531.988930
1.508509	13826.873427	529.758112
1.509309	13825.247014	527.535174
1.510110	13823.614863	525.320067
1.510911	13821.976893	523.112744
1.511712	13820.333022	520.913157
1.512513	13818.683170	518.721260
1.513313	13817.027255	516.537006
1.514114	13815.365205	514.360351
1.514915	13813.697682	512.191452
1.515716	13812.025073	510.030391
1.516517	13810.347281	507.877117
1.517317	13808.664208	505.731579
1.518118	13806.975758	503.593727
1.518919	13805.281833	501.463513
1.519720	13803.582336	499.340886
1.520521	13801.877171	497.225798
1.521321	13800.166240	495.118201
1.522122	13798.449445	493.018049
1.522923	13796.726691	490.925292
1.523724	13794.997880	488.839886
1.524525	13793.262915	486.761782
1.525325	13791.521699	484.690937
1.526126	13789.774135	482.627303
1.526927	13788.020125	480.570837
1.527728	13786.259573	478.521493
1.528529	13784.492382	476.479228
1.529329	13782.718454	474.443997
1.530130	13780.937693	472.415758
1.530931	13779.150221	470.394516
1.531732	13777.356998	468.380460
1.532533	13775.558049	466.373576
1.533333	13773.753259	464.373820
1.534134	13771.942515	462.381147
1.534935	13770.125700	460.395513
1.535736	13768.302702	458.416876
1.536537	13766.473406	456.445192
1.537337	13764.637696	454.480419
1.538138	13762.795460	452.522514
1.538939	13760.946581	450.571436
1.539740	13759.090946	448.627143
1.540541	13757.228440	446.689596
1.541341	13755.358948	444.758752
1.542142	13753.482357	442.834572
1.542943	13751.598551	440.917017
1.543744	13749.707416	439.006046
1.544545	13747.808838	437.101622
1.545345	13745.902702	435.203705
1.546146	13743.988894	433.312257
1.546947	13742.067618	431.427326
1.547748	13740.139942	429.549179
1.548549	13738.205845	427.677779
1.549349	13736.265190	425.813059
1.550150	13734.317843	423.954954
1.550951	13732.363670	422.103399
1.551752	13730.402535	420.258329
1.552553	13728.434303	418.419681
1.553353	13726.458840	416.587392
1.554154	13724.476010	414.761400
1.554955	13722.485678	412.941644
1.555756	13720.487711	411.128062
1.556557	13718.481972	409.320595
1.557357	13716.468326	407.519183
1.558158	13714.446640	405.723767
1.558959	13712.416777	403.934291
1.559760	13710.378603	402.150696
1.560561	13708.331984	400.372925
1.561361	13706.276783	398.600923
1.562162	13704.212986	396.834661
1.562963	13702.141782	395.074377
1.563764	13700.063392	393.320118
1.564565	13697.977658	391.571849
1.565365	13695.884428	389.829538
1.566166	13693.783546	388.093152
1.566967	13691.674857	386.362659
1.567768	13689.558207	384.638026
1.568569	13687.433442	382.919222
1.569369	13685.300405	381.206215
1.570170	13683.158944	379.498974
1.570971	13681.008902	377.797470
1.571772	13678.850126	376.101670
1.572573	13676.682460	374.411546
1.573373	13674.505751	372.727068
1.574174	13672.319842	371.048206
1.574975	13670.124580	369.374930
1.575776	13667.919810	367.707214
1.576577	13665.705376	366.045027
1.577377	13663.481730	364.388438
1.578178	13661.250060	362.737622
1.578979	13659.010238	361.092536
1.579780	13656.762087	359.453129
1.580581	13654.505431	357.819350
1.581381	13652.240092	356.191149
1.582182	13649.965893	354.568477
1.582983	13647.682657	352.951286
1.583784	13645.390206	351.339527
1.584585	13643.088363	349.733153
1.585385	13640.776951	348.132117
1.586186	13638.455792	346.536373
1.586987	13636.124710	344.945875
1.587788	13633.783527	343.360578
1.588589	13631.432066	341.780437
1.589389	13629.070150	340.205409
1.590190	13626.697601	338.635449
1.590991	13624.314243	337.070516
1.591792	13621.920730	335.510724
1.592593	13619.518193	333.956280
1.593393	13617.106453	332.407138
1.594194	13614.685317	330.863252
1.594995	13612.254590	329.324574
1.595796	13609.814079	327.791059
1.596597	13607.363589	326.262661
1.597397	13604.902926	324.739335
1.598198	13602.431897	323.221038
1.598999	13599.950308	321.707724
1.599800	13597.457964	320.199352
1.600601	13594.954672	318.695878
1.601401	13592.440238	317.197260
1.602202	13589.914467	315.703458
1.603003	13587.377166	314.214429
1.603804	13584.828141	312.730134
1.604605	13582.267198	311.250532
1.605405	13579.694658	309.775671
1.606206	13577.112000	308.305789
1.607007	13574.519132	306.840862
1.607808	13571.915833	305.380847
1.608609	13569.301879	303.925699
1.609409	13566.677049	302.475375
1.610210	13564.041121	301.029832
1.611011	13561.393872	299.589029
1.611812	13558.735080	298.152924
1.612613	13556.064523	296.721475
1.613413	13553.381979	295.294643
1.614214	13550.687224	293.872388
1.615015	13547.980038	292.454670
1.615816	13545.260198	291.041450
1.616617	13542.527481	289.632691
1.617417	13539.781665	288.228354
1.618218	13537.022551	286.828407
1.619019	13534.251445	285.433037
1.619820	13531.469052	284.042342
1.620621	13528.675130	282.656280
1.621421	13525.869439	281.274808
1.622222	13523.051737	279.897887
1.623023	13520.221785	278.525474
1.623824	13517.379340	277.157530
1.624625	13514.524163	275.794016
1.625425	13511.656013	274.434892
1.626226	13508.774649	273.080121
1.627027	13505.879831	271.729664
1.627828	13502.971316	270.383484
1.628629	13500.048866	269.041545
1.629429	13497.112238	267.703810
1.630230	13494.161193	266.370244
1.631031	13491.195582	265.040824
1.631832	13488.217020	263.715774
1.632633	13485.225966	262.395151
1.633433	13482.222137	261.078910
1.634234	13479.205255	259.767006
1.635035	13476.175039	258.459395
1.635836	13473.131207	257.156035
1.636637	13470.073479	255.856884
1.637437	13467.001576	254.561898
1.638238	13463.915216	253.271038
1.639039	13460.814119	251.984262
1.639840	13457.698005	250.701531
1.640641	13454.566593	249.422806
1.641441	13451.419602	248.148047
1.642242	13448.256752	246.877217
1.643043	13445.077764	245.610279
1.643844	13441.883949	244.347396
1.644645	13438.676376	243.088703
1.645445	13435.454724	241.834157
1.646246	13432.218671	240.583715
1.647047	13428.967899	239.337339
1.647848	13425.702086	238.094986
1.648649	13422.420911	236.856618
1.649449	13419.124054	235.622195
1.650250	13415.811194	234.391680
1.651051	13412.482010	233.165033
1.651852	13409.136182	231.942219
1.652653	13405.773390	230.723201
1.653453	13402.393312	229.507943
1.654254	13398.995628	228.296409
1.655055	13395.580337	227.088602
1.655856	13392.149574	225.884771
1.656657	13388.703485	224.684929
1.657457	13385.241691	223.489029
1.658258	13381.763814	222.297026
1.659059	13378.269475	221.108875
1.659860	13374.758296	219.924530
1.660661	13371.229899	218.743950
1.661461	13367.683904	217.567090
1.662262	13364.119933	216.393908
1.663063	13360.537609	215.224365
1.663864	13356.936551	214.058418
1.664665	13353.316382	212.896028
1.665465	13349.676723	211.737157
1.666266	13346.017573	210.581807
1.667067	13342.341316	209.430255
1.667868	13338.648077	208.282512
1.668669	13334.937414	207.138527
1.669469	13331.208887	205.998250
1.670270	13327.462054	204.861631
1.671071	13323.696476	203.728621
1.671872	13319.911712	202.599173
1.672673	13316.107321	201.473240
1.673473	13312.282861	200.350776
1.674274	13308.437894	199.231736
1.675075	13304.571976	198.116075
1.675876	13300.684669	197.003750
1.676677	13296.775537	195.894719
1.677477	13292.846475	194.789189
1.678278	13288.898863	193.687308
1.679079	13284.932164	192.589024
1.679880	13280.945840	191.494282
1.680681	13276.939353	190.403032
1.681481	13272.912166	189.315222
1.682282	13268.863741	188.230802
1.683083	13264.793542	187.149723
1.683884	13260.701030	186.071938
1.684685	13256.585668	184.997399
1.685485	13252.446919	183.926060
1.686286	13248.284245	182.857876
1.687087	13244.097248	181.792817
1.687888	13239.888735	180.731167
1.688689	13235.659503	179.673008
1.689489	13231.408900	178.618277
1.690290	13227.136273	177.566915
1.691091	13222.840969	176.518864
1.691892	13218.522338	175.474066
1.692693	13214.179725	174.432465
1.693493	13209.812478	173.394005
1.694294	13205.419946	172.358632
1.695095	13201.001475	171.326294
1.695896	13196.556414	170.296940
1.696697	13192.084109	169.270517
1.697497	13187.586697	168.247240
1.698298	13183.066372	167.227323
1.699099	13178.522335	166.210695
1.699900	13173.953788	165.197287
1.700701	13169.359930	164.187032
1.701502	13164.739964	163.179863
1.702302	13160.093089	162.175715
1.703103	13155.418506	161.174526
1.703904	13150.715417	160.176234
1.704705	13145.983022	159.180777
1.705506	13141.220522	158.188097
1.706306	13136.427395	157.198161
1.707107	13131.607474	156.211306
1.707908	13126.761494	155.227609
1.708709	13121.888511	154.247001
1.709510	13116.987577	153.269416
1.710310	13112.057745	152.294789
1.711111	13107.098069	151.323058
1.711912	13102.107603	150.354161
1.712713	13097.085400	149.388036
1.713514	13092.030513	148.424627
1.714314	13086.941996	147.463875
1.715115	13081.818971	146.505730
1.715916	13076.665029	145.550509
1.716717	13071.481849	144.598359
1.717518	13066.268333	143.649192
1.718318	13061.023387	142.702927
1.719119	13055.745912	141.759481
1.719920	13050.434812	140.818774
1.720721	13045.088991	139.880730
1.721522	13039.707352	138.945272
1.722322	13034.288798	138.012326
1.723123	13028.832233	137.081821
1.723924	13023.337613	136.153766
1.724725	13017.809779	135.228549
1.725526	13012.248459	134.306172
1.726326	13006.652429	133.386568
1.727127	13001.020465	132.469670
1.727928	12995.351345	131.555412
1.728729	12989.643846	130.643733
1.729530	12983.896743	129.734571
1.730330	12978.108813	128.827866
1.731131	12972.278834	127.923562
1.731932	12966.406312	127.021653
1.732733	12960.496592	126.122544
1.733534	12954.549766	125.226250
1.734334	12948.564296	124.332673
1.735135	12942.538643	123.441716
1.735936	12936.471270	122.553285
1.736737	12930.360640	121.667290
1.737538	12924.205213	120.783641
1.738338	12918.003453	119.902253
1.739139	12911.753822	119.023042
1.739940	12905.458380	118.146179
1.740741	12899.123060	117.272105
1.741542	12892.745840	116.400703
1.742342	12886.324414	115.531836
1.743143	12879.856480	114.665374
1.743944	12873.339730	113.801189
1.744745	12866.771862	112.939157
1.745546	12860.150570	112.079157
1.746346	12853.473549	111.221072
1.747147	12846.742159	110.365039
1.747948	12839.966310	109.511760
1.748749	12833.143346	108.661071
1.749550	12826.269461	107.812736
1.750350	12819.340849	106.966523
1.751151	12812.353701	106.122208
1.751952	12805.304211	105.279574
1.752753	12798.188573	104.438409
1.753554	12791.002979	103.598507
1.754354	12783.756980	102.760557
1.755155	12776.458881	101.925142
1.755956	12769.102449	101.091885
1.756757	12761.681452	100.260415
1.757558	12754.189657	99.430372
1.758358	12746.620834	98.601410
1.759159	12738.968749	97.773188
1.759960	12731.227171	96.945381
1.760761	12723.404655	96.118611
1.761562	12715.518038	95.294003
1.762362	12707.558137	94.471017
1.763163	12699.515353	93.649104
1.763964	12691.380084	92.827728
1.764765	12683.142732	92.006374
1.765566	12674.793694	91.184540
1.766366	12666.325558	90.361874
1.767167	12657.767663	89.540248
1.767968	12649.121060	88.719802
1.768769	12640.371289	87.899755
1.769570	12631.503891	87.079351
1.770370	12622.504408	86.257860
1.771171	12613.358381	85.434575
1.771972	12604.054522	84.608997
1.772773	12594.632664	83.783535
1.773574	12585.092004	82.958249
1.774374	12575.410284	82.132011
1.775175	12565.565243	81.303727
1.775976	12555.534623	80.472346
1.776777	12545.296162	79.636853
1.777578	12534.872312	78.798691
1.778378	12524.299586	77.960004
1.779179	12513.542924	77.119065
1.779980	12502.566593	76.274174
1.780781	12491.334862	75.423699
1.781582	12479.813189	74.566134
1.782382	12468.064283	73.704994
1.783183	12456.097831	72.841036
1.783984	12443.853642	71.971515
1.784785	12431.271527	71.093797
1.785586	12418.291295	70.205364
1.786386	12404.968543	69.309419
1.787187	12391.350072	68.408609
1.787988	12377.326563	67.498068
1.788789	12362.788408	66.573141
1.789590	12347.660501	65.631002
1.790390	12332.125368	64.680863
1.791191	12316.049969	63.717205
1.791992	12299.212800	62.730817
1.792793	12281.471487	61.716511
1.793594	12263.130706	60.689072
1.794394	12243.807360	59.632669
1.795195	12222.968117	58.525961
1.795996	12201.085798	57.391565
1.796797	12177.524207	56.204706
1.797598	12150.833337	54.909117
1.798398	12122.383353	53.566609
1.799199	12086.326657	51.949285
1.800000	12041.541807	50.034102
