1.000000	13605.482122	5874.390209
1.001032	13605.932464	5842.825601
1.002064	13606.381943	5811.452830
1.003096	13606.830553	5780.270608
1.004128	13607.278287	5749.277655
1.005160	13607.725141	5718.472702
1.006192	13608.171108	5687.854486
1.007224	13608.616183	5657.421758
1.008256	13609.060361	5627.173276
1.009288	13609.503634	5597.107808
1.010320	13609.945999	5567.224130
1.011352	13610.387448	5537.521028
1.012384	13610.827976	5507.997298
1.013416	13611.267578	5478.651743
1.014448	13611.706248	5449.483177
1.015480	13612.143979	5420.490420
1.016513	13612.580768	5391.672304
1.017545	13613.016614	5363.027596
1.018577	13613.451585	5334.554541
1.019609	13613.885689	5306.251871
1.020641	13614.318922	5278.118460
1.021673	13614.751279	5250.153190
1.022705	13615.182754	5222.354953
1.023737	13615.613344	5194.722648
1.024769	13616.043042	5167.255181
1.025801	13616.471843	5139.951468
1.026833	13616.899744	5112.810433
1.027865	13617.326737	5085.831005
1.028897	13617.752819	5059.012126
1.029929	13618.177985	5032.352740
1.030961	13618.602229	5005.851803
1.031993	13619.025546	4979.508277
1.033025	13619.447932	4953.321131
1.034057	13619.869381	4927.289343
1.035089	13620.289888	4901.411897
1.036121	13620.709449	4875.687785
1.037153	13621.128057	4850.116008
1.038185	13621.545709	4824.695571
1.039217	13621.962398	4799.425488
1.040249	13622.378121	4774.304781
1.041281	13622.792871	4749.332478
1.042313	13623.206645	4724.507614
1.043345	13623.619436	4699.829231
1.044377	13624.031241	4675.296375
1.045409	13624.442104	4650.907710
1.046441	13624.852055	4626.662043
1.047473	13625.261089	4602.558445
1.048506	13625.669202	4578.595996
1.049538	13626.076389	4554.773781
1.050570	13626.482645	4531.090895
1.051602	13626.887967	4507.546435
1.052634	13627.292349	4484.139508
1.053666	13627.695787	4460.869225
1.054698	13628.098276	4437.734705
1.055730	13628.499813	4414.735074
1.056762	13628.900392	4391.869462
1.057794	13629.300009	4369.137008
1.058826	13629.698660	4346.536854
1.059858	13630.096340	4324.068150
1.060890	13630.493044	4301.730053
1.061922	13630.888768	4279.521725
1.062954	13631.283508	4257.442333
1.063986	13631.677259	4235.491052
1.065018	13632.070016	4213.667061
1.066050	13632.461775	4191.969547
1.067082	13632.852532	4170.397701
1.068114	13633.242282	4148.950720
1.069146	13633.631020	4127.627808
1.070178	13634.018742	4106.428173
1.071210	13634.405444	4085.351029
1.072242	13634.791128	4064.395541
1.073274	13635.175849	4043.560540
1.074306	13635.559612	4022.845185
1.075338	13635.942415	4002.248720
1.076370	13636.324253	3981.770393
1.077402	13636.705122	3961.409457
1.078434	13637.085017	3941.165172
1.079466	13637.463935	3921.036801
1.080498	13637.841872	3901.023614
1.081531	13638.218824	3881.124885
1.082563	13638.594787	3861.339894
1.083595	13638.969756	3841.667925
1.084627	13639.343727	3822.108267
1.085659	13639.716697	3802.660215
1.086691	13640.088661	3783.323070
1.087723	13640.459616	3764.096134
1.088755	13640.829557	3744.978718
1.089787	13641.198480	3725.970135
1.090819	13641.566381	3707.069705
1.091851	13641.933257	3688.276751
1.092883	13642.299102	3669.590601
1.093915	13642.663914	3651.010589
1.094947	13643.027687	3632.536052
1.095979	13643.390418	3614.166332
1.097011	13643.752103	3595.900777
1.098043	13644.112738	3577.738737
1.099075	13644.472318	3559.679569
1.100107	13644.830849	3541.722579
1.101139	13645.188378	3523.866794
1.102171	13645.544912	3506.111531
1.103203	13645.900446	3488.456165
1.104235	13646.254977	3470.900080
1.105267	13646.608501	3453.442660
1.106299	13646.961014	3436.083297
1.107331	13647.312513	3418.821385
1.108363	13647.662994	3401.656322
1.109395	13648.012454	3384.587512
1.110427	13648.360888	3367.614361
1.111459	13648.708292	3350.736280
1.112491	13649.054664	3333.952685
1.113524	13649.400000	3317.262994
1.114556	13649.744295	3300.666630
1.115588	13650.087546	3284.163021
1.116620	13650.429749	3267.751598
1.117652	13650.770902	3251.431795
1.118684	13651.110999	3235.203050
1.119716	13651.450037	3219.064807
1.120748	13651.788013	3203.016512
1.121780	13652.124923	3187.057615
1.122812	13652.460762	3171.187569
1.123844	13652.795529	3155.405832
1.124876	13653.129218	3139.711866
1.125908	13653.461826	3124.105135
1.126940	13653.793349	3108.585108
1.127972	13654.123785	3093.151248
1.129004	13654.453175	3077.802787
1.130036	13654.781535	3062.539094
1.131068	13655.108861	3047.359654
1.132100	13655.435150	3032.263956
1.133132	13655.760399	3017.251491
1.134164	13656.084603	3002.321756
1.135196	13656.407760	2987.474249
1.136228	13656.729867	2972.708473
1.137260	13657.050919	2958.023933
1.138292	13657.370913	2943.420137
1.139324	13657.689847	2928.896600
1.140356	13658.007715	2914.452835
1.141388	13658.324516	2900.088363
1.142420	13658.640245	2885.802704
1.143452	13658.954899	2871.595385
1.144484	13659.268474	2857.465934
1.145517	13659.580968	2843.413882
1.146549	13659.892377	2829.438764
1.147581	13660.202696	2815.540118
1.148613	13660.511924	2801.717486
1.149645	13660.820056	2787.970411
1.150677	13661.127088	2774.298441
1.151709	13661.433018	2760.701125
1.152741	13661.737843	2747.178016
1.153773	13662.041557	2733.728672
1.154805	13662.344159	2720.352650
1.155837	13662.645645	2707.049514
1.156869	13662.946024	2693.818765
1.157901	13663.245338	2680.659760
1.158933	13663.543587	2667.572056
1.159965	13663.840769	2654.555228
1.160997	13664.136879	2641.608854
1.162029	13664.431915	2628.732515
1.163061	13664.725874	2615.925794
1.164093	13665.018752	2603.188279
1.165125	13665.310545	2590.519558
1.166157	13665.601252	2577.919224
1.167189	13665.890868	2565.386871
1.168221	13666.179390	2552.922097
1.169253	13666.466815	2540.524501
1.170285	13666.753140	2528.193687
1.171317	13667.038361	2515.929260
1.172349	13667.322476	2503.730826
1.173381	13667.605481	2491.597998
1.174413	13667.887372	2479.530388
1.175445	13668.168147	2467.527612
1.176477	13668.447802	2455.589287
1.177510	13668.726334	2443.715035
1.178542	13669.003740	2431.904478
1.179574	13669.280017	2420.157243
1.180606	13669.555161	2408.472956
1.181638	13669.829169	2396.851249
1.182670	13670.102038	2385.291755
1.183702	13670.373764	2373.794108
1.184734	13670.644345	2362.357947
1.185766	13670.913797	2350.982828
1.186798	13671.182155	2339.668243
1.187830	13671.449417	2328.413834
1.188862	13671.715579	2317.219251
1.189894	13671.980640	2306.084146
1.190926	13672.244595	2295.008171
1.191958	13672.507441	2283.990984
1.192990	13672.769176	2273.032243
1.194022	13673.029796	2262.131608
1.195054	13673.289299	2251.288742
1.196086	13673.547681	2240.503310
1.197118	13673.804938	2229.774979
1.198150	13674.061069	2219.103419
1.199182	13674.316070	2208.488301
1.200214	13674.569937	2197.929298
1.201246	13674.822669	2187.426087
1.202278	13675.074261	2176.978344
1.203310	13675.324710	2166.585749
1.204342	13675.574014	2156.247985
1.205374	13675.822170	2145.964735
1.206406	13676.069173	2135.735686
1.207438	13676.315022	2125.560524
1.208470	13676.559713	2115.438941
1.209503	13676.803244	2105.370627
1.210535	13677.045610	2095.355278
1.211567	13677.286809	2085.392587
1.212599	13677.526838	2075.482255
1.213631	13677.765693	2065.623979
1.214663	13678.003420	2055.817455
1.215695	13678.240124	2046.062358
1.216727	13678.475795	2036.358373
1.217759	13678.710418	2026.705187
1.218791	13678.943979	2017.102492
1.219823	13679.176463	2007.549979
1.220855	13679.407854	1998.047342
1.221887	13679.638137	1988.594280
1.222919	13679.867297	1979.190490
1.223951	13680.095319	1969.835673
1.224983	13680.322188	1960.529533
1.226015	13680.547889	1951.271775
1.227047	13680.772407	1942.062105
1.228079	13680.995727	1932.900234
1.229111	13681.217833	1923.785872
1.230143	13681.438712	1914.718733
1.231175	13681.658346	1905.698531
1.232207	13681.876723	1896.724986
1.233239	13682.093826	1887.797815
1.234271	13682.309640	1878.916740
1.235303	13682.524151	1870.081484
1.236335	13682.737343	1861.291773
1.237367	13682.949201	1852.547333
1.238399	13683.159710	1843.847894
1.239431	13683.368855	1835.193186
1.240463	13683.576622	1826.582941
1.241495	13683.782994	1818.016896
1.242528	13683.987957	1809.494785
1.243560	13684.191564	1801.016408
1.244592	13684.394298	1792.581956
1.245624	13684.596210	1784.191210
1.246656	13684.797242	1775.843856
1.247688	13684.997334	1767.539581
1.248720	13685.196430	1759.278076
1.249752	13685.394470	1751.059032
1.250784	13685.591395	1742.882147
1.251816	13685.787147	1734.747118
1.252848	13685.981669	1726.653647
1.253880	13686.174900	1718.601437
1.254912	13686.366783	1710.590193
1.255944	13686.557259	1702.619625
1.256976	13686.746270	1694.689444
1.258008	13686.933757	1686.799363
1.259040	13687.119662	1678.949099
1.260072	13687.303927	1671.138371
1.261104	13687.486491	1663.366898
1.262136	13687.667299	1655.634406
1.263168	13687.846290	1647.940619
1.264200	13688.023406	1640.285266
1.265232	13688.198589	1632.668077
1.266264	13688.371780	1625.088785
1.267296	13688.542922	1617.547126
1.268328	13688.711954	1610.042837
1.269360	13688.878820	1602.575658
1.270392	13689.043459	1595.145330
1.271424	13689.205815	1587.751597
1.272456	13689.365831	1580.394211
1.273488	13689.524057	1573.073459
1.274521	13689.680879	1565.789483
1.275553	13689.836244	1558.542028
1.276585	13689.990100	1551.330841
1.277617	13690.142392	1544.155674
1.278649	13690.293067	1537.016276
1.279681	13690.442073	1529.912404
1.280713	13690.589355	1522.843812
1.281745	13690.734862	1515.810259
1.282777	13690.878539	1508.811505
1.283809	13691.020333	1501.847313
1.284841	13691.160191	1494.917446
1.285873	13691.298059	1488.021670
1.286905	13691.433886	1481.159755
1.287937	13691.567616	1474.331470
1.288969	13691.699197	1467.536587
1.290001	13691.828577	1460.774879
1.291033	13691.955700	1454.046124
1.292065	13692.080515	1447.350098
1.293097	13692.202968	1440.686581
1.294129	13692.323005	1434.055355
1.295161	13692.440574	1427.456202
1.296193	13692.555622	1420.888908
1.297225	13692.668094	1414.353260
1.298257	13692.777938	1407.849045
1.299289	13692.885100	1401.376056
1.300321	13692.989528	1394.934082
1.301353	13693.091172	1388.522922
1.302385	13693.191646	1382.143325
1.303417	13693.292080	1375.795766
1.304449	13693.392191	1369.479916
1.305481	13693.491695	1363.195448
1.306514	13693.590312	1356.942040
1.307546	13693.687757	1350.719374
1.308578	13693.783748	1344.527134
1.309610	13693.878002	1338.365010
1.310642	13693.970237	1332.232695
1.311674	13694.060169	1326.129884
1.312706	13694.147517	1320.056278
1.313738	13694.231997	1314.011579
1.314770	13694.313326	1307.995496
1.315802	13694.391222	1302.007737
1.316834	13694.465402	1296.048017
1.317866	13694.535583	1290.116054
1.318898	13694.601483	1284.211567
1.319930	13694.662819	1278.334280
1.320962	13694.719307	1272.483922
1.321994	13694.770666	1266.660221
1.323026	13694.816612	1260.862912
1.324058	13694.856863	1255.091733
1.325090	13694.891136	1249.346421
1.326122	13694.919148	1243.626722
1.327154	13694.940617	1237.932381
1.328186	13694.955259	1232.263147
1.329218	13694.962793	1226.618773
1.330250	13694.963754	1220.999389
1.331282	13694.963305	1215.407223
1.332314	13694.962396	1209.842556
1.333346	13694.961028	1204.305235
1.334378	13694.959202	1198.795107
1.335410	13694.956916	1193.312019
1.336442	13694.954171	1187.855821
1.337474	13694.950968	1182.426363
1.338507	13694.947305	1177.023495
1.339539	13694.943184	1171.647069
1.340571	13694.938603	1166.296938
1.341603	13694.933563	1160.972955
1.342635	13694.928065	1155.674976
1.343667	13694.922107	1150.402855
1.344699	13694.915691	1145.156450
1.345731	13694.908815	1139.935616
1.346763	13694.901480	1134.740213
1.347795	13694.893687	1129.570100
1.348827	13694.885434	1124.425136
1.349859	13694.876723	1119.305183
1.350891	13694.867552	1114.210102
1.351923	13694.857923	1109.139755
1.352955	13694.847834	1104.094007
1.353987	13694.837287	1099.072721
1.355019	13694.826280	1094.075763
1.356051	13694.814815	1089.102998
1.357083	13694.802890	1084.154294
1.358115	13694.789922	1079.229289
1.359147	13694.770450	1074.325728
1.360179	13694.743346	1069.443077
1.361211	13694.708876	1064.581349
1.362243	13694.667307	1059.740557
1.363275	13694.618904	1054.920711
1.364307	13694.563933	1050.121820
1.365339	13694.502662	1045.343891
1.366371	13694.435355	1040.586931
1.367403	13694.362279	1035.850945
1.368435	13694.283700	1031.135937
1.369467	13694.199884	1026.441908
1.370499	13694.111098	1021.768859
1.371532	13694.017606	1017.116791
1.372564	13693.919676	1012.485701
1.373596	13693.817573	1007.875586
1.374628	13693.711564	1003.286444
1.375660	13693.601914	998.718267
1.376692	13693.488890	994.171050
1.377724	13693.372757	989.644785
1.378756	13693.253783	985.139463
1.379788	13693.132232	980.655073
1.380820	13693.008372	976.191605
1.381852	13692.882467	971.749047
1.382884	13692.754785	967.327385
1.383916	13692.625591	962.926604
1.384948	13692.495151	958.546689
1.385980	13692.363004	954.187364
1.387012	13692.227810	949.848053
1.388044	13692.089506	945.528633
1.389076	13691.948066	941.229000
1.390108	13691.803465	936.949048
1.391140	13691.655676	932.688672
1.392172	13691.504674	928.447770
1.393204	13691.350433	924.226236
1.394236	13691.192928	920.023971
1.395268	13691.032133	915.840870
1.396300	13690.868022	911.676833
1.397332	13690.700569	907.531761
1.398364	13690.529750	903.405551
1.399396	13690.355537	899.298106
1.400428	13690.177906	895.209327
1.401460	13689.996830	891.139116
1.402492	13689.812285	887.087376
1.403525	13689.624244	883.054009
1.404557	13689.432681	879.038919
1.405589	13689.237571	875.042012
1.406621	13689.038889	871.063192
1.407653	13688.836608	867.102365
1.408685	13688.630702	863.159437
1.409717	13688.421147	859.234315
1.410749	13688.207916	855.326907
1.411781	13687.990984	851.437120
1.412813	13687.770436	847.564889
1.413845	13687.546541	843.710189
1.414877	13687.319292	839.872933
1.415909	13687.088666	836.053033
1.416941	13686.854640	832.250400
1.417973	13686.617191	828.464947
1.419005	13686.376296	824.696587
1.420037	13686.131932	820.945233
1.421069	13685.884076	817.210799
1.422101	13685.632705	813.493198
1.423133	13685.377795	809.792347
1.424165	13685.119325	806.108160
1.425197	13684.857270	802.440554
1.426229	13684.591609	798.789444
1.427261	13684.322317	795.154748
1.428293	13684.049372	791.536383
1.429325	13683.772751	787.934267
1.430357	13683.492431	784.348318
1.431389	13683.208388	780.778456
1.432421	13682.920601	777.224600
1.433453	13682.629045	773.686670
1.434485	13682.333699	770.164586
1.435518	13682.034538	766.658268
1.436550	13681.731540	763.167640
1.437582	13681.424682	759.692621
1.438614	13681.113944	756.233135
1.439646	13680.799533	752.789138
1.440678	13680.481566	749.360571
1.441710	13680.160024	745.947360
1.442742	13679.834885	742.549430
1.443774	13679.506127	739.166705
1.444806	13679.173731	735.799111
1.445838	13678.837675	732.446574
1.446870	13678.497938	729.109020
1.447902	13678.154499	725.786378
1.448934	13677.807338	722.478573
1.449966	13677.456432	719.185533
1.450998	13677.101762	715.907187
1.452030	13676.743306	712.643464
1.453062	13676.381043	709.394292
1.454094	13676.014953	706.159601
1.455126	13675.645014	702.939320
1.456158	13675.271206	699.733380
1.457190	13674.893507	696.541711
1.458222	13674.511896	693.364245
1.459254	13674.126353	690.200913
1.460286	13673.736856	687.051646
1.461318	13673.343385	683.916377
1.462350	13672.945918	680.795038
1.463382	13672.544435	677.687562
1.464414	13672.138915	674.593884
1.465446	13671.729510	671.513954
1.466478	13671.316363	668.447722
1.467511	13670.899455	665.395123
1.468543	13670.478765	662.356090
1.469575	13670.054274	659.330558
1.470607	13669.625964	656.318462
1.471639	13669.193813	653.319737
1.472671	13668.757804	650.334319
1.473703	13668.317916	647.362143
1.474735	13667.874130	644.403147
1.475767	13667.426427	641.457265
1.476799	13666.974786	638.524437
1.477831	13666.519189	635.604599
1.478863	13666.059617	632.697688
1.479895	13665.596049	629.803644
1.480927	13665.128466	626.922404
1.481959	13664.656849	624.053907
1.482991	13664.181178	621.198093
1.484023	13663.701434	618.354900
1.485055	13663.217597	615.524270
1.486087	13662.729649	612.706142
1.487119	13662.237568	609.900456
1.488151	13661.741337	607.107153
1.489183	13661.240935	604.326176
1.490215	13660.736364	601.557465
1.491247	13660.227832	598.800977
1.492279	13659.715381	596.056658
1.493311	13659.198993	593.324452
1.494343	13658.678650	590.604302
1.495375	13658.154333	587.896155
1.496407	13657.626023	585.199953
1.497439	13657.093702	582.515643
1.498471	13656.557352	579.843169
1.499504	13656.016954	577.182478
1.500536	13655.472490	574.533515
1.501568	13654.923941	571.896227
1.502600	13654.371288	569.270559
1.503632	13653.814513	566.656459
1.504664	13653.253598	564.053874
1.505696	13652.688524	561.462752
1.506728	13652.119273	558.883038
1.507760	13651.545825	556.314683
1.508792	13650.968164	553.757634
1.509824	13650.386269	551.211838
1.510856	13649.800123	548.677246
1.511888	13649.209707	546.153806
1.512920	13648.615002	543.641467
1.513952	13648.015991	541.140179
1.514984	13647.412658	538.649892
1.516016	13646.805173	536.170557
1.517048	13646.193616	533.702125
1.518080	13645.577970	531.244547
1.519112	13644.958218	528.797773
1.520144	13644.334341	526.361753
1.521176	13643.706322	523.936439
1.522208	13643.074142	521.521781
1.523240	13642.437785	519.117732
1.524272	13641.797231	516.724243
1.525304	13641.152463	514.341265
1.526336	13640.503463	511.968752
1.527368	13639.850214	509.606655
1.528400	13639.192698	507.254928
1.529432	13638.530896	504.913522
1.530464	13637.864791	502.582393
1.531496	13637.194365	500.261492
1.532529	13636.519600	497.950774
1.533561	13635.840478	495.650192
1.534593	13635.156982	493.359701
1.535625	13634.469093	491.079256
1.536657	13633.776793	488.808811
1.537689	13633.080066	486.548320
1.538721	13632.378893	484.297739
1.539753	13631.673279	482.057024
1.540785	13630.963415	479.826132
1.541817	13630.249331	477.605020
1.542849	13629.531009	475.393643
1.543881	13628.808432	473.191958
1.544913	13628.081581	470.999921
1.545945	13627.350440	468.817488
1.546977	13626.614990	466.644617
1.548009	13625.875213	464.481264
1.549041	13625.131093	462.327387
1.550073	13624.382610	460.182943
1.551105	13623.629747	458.047890
1.552137	13622.872487	455.922186
1.553169	13622.110811	453.805789
1.554201	13621.344702	451.698657
1.555233	13620.574143	449.600749
1.556265	13619.799115	447.512024
1.557297	13619.019600	445.432441
1.558329	13618.235581	443.361959
1.559361	13617.447040	441.300537
1.560393	13616.653960	439.248136
1.561425	13615.856322	437.204714
1.562457	13615.054109	435.170232
1.563489	13614.247304	433.144650
1.564522	13613.436048	431.127929
1.565554	13612.620439	429.120028
1.566586	13611.800459	427.120910
1.567618	13610.976091	425.130534
1.568650	13610.147315	423.148863
1.569682	13609.314114	421.175858
1.570714	13608.476471	419.211481
1.571746	13607.634366	417.255694
1.572778	13606.787782	415.308459
1.573810	13605.936701	413.369738
1.574842	13605.081104	411.439494
1.575874	13604.220974	409.517689
1.576906	13603.356293	407.604287
1.577938	13602.487042	405.699250
1.578970	13601.613204	403.802542
1.580002	13600.734760	401.914127
1.581034	13599.851693	400.033968
1.582066	13598.963984	398.162028
1.583098	13598.071615	396.298272
1.584130	13597.174569	394.442664
1.585162	13596.272826	392.595169
1.586194	13595.366370	390.755750
1.587226	13594.455188	388.924374
1.588258	13593.539501	387.101021
1.589290	13592.619409	385.285663
1.590322	13591.694880	383.478260
1.591354	13590.765882	381.678773
1.592386	13589.832382	379.887163
1.593418	13588.894348	378.103392
1.594450	13587.951748	376.327421
1.595482	13587.004549	374.559212
1.596515	13586.052720	372.798728
1.597547	13585.096228	371.045931
1.598579	13584.135040	369.300783
1.599611	13583.169125	367.563247
1.600643	13582.198451	365.833287
1.601675	13581.222985	364.110865
1.602707	13580.242694	362.395945
1.603739	13579.257547	360.688492
1.604771	13578.267511	358.988468
1.605803	13577.272555	357.295838
1.606835	13576.272645	355.610567
1.607867	13575.267750	353.932619
1.608899	13574.257837	352.261959
1.609931	13573.242874	350.598551
1.610963	13572.223010	348.942391
1.611995	13571.198764	347.293529
1.613027	13570.170103	345.651925
1.614059	13569.136950	344.017534
1.615091	13568.099229	342.390311
1.616123	13567.056863	340.770210
1.617155	13566.009775	339.157187
1.618187	13564.957887	337.551198
1.619219	13563.901124	335.952198
1.620251	13562.839408	334.360145
1.621283	13561.772663	332.774994
1.622315	13560.700811	331.196704
1.623347	13559.623776	329.625231
1.624379	13558.541481	328.060534
1.625411	13557.453849	326.502571
1.626443	13556.360803	324.951301
1.627475	13555.262266	323.406683
1.628508	13554.158162	321.868676
1.629540	13553.048414	320.337239
1.630572	13551.932944	318.812334
1.631604	13550.811677	317.293920
1.632636	13549.684535	315.781957
1.633668	13548.551678	314.276448
1.634700	13547.413902	312.777495
1.635732	13546.271200	311.285071
1.636764	13545.123484	309.799132
1.637796	13543.970666	308.319637
1.638828	13542.812656	306.846542
1.639860	13541.649366	305.379808
1.640892	13540.480708	303.919392
1.641924	13539.306593	302.465255
1.642956	13538.126932	301.017355
1.643988	13536.941637	299.575653
1.645020	13535.750619	298.140109
1.646052	13534.553790	296.710683
1.647084	13533.351061	295.287338
1.648116	13532.142344	293.870033
1.649148	13530.927550	292.458732
1.650180	13529.706590	291.053395
1.651212	13528.479376	289.653986
1.652244	13527.245819	288.260468
1.653276	13526.005832	286.872802
1.654308	13524.759324	285.490954
1.655340	13523.506222	284.114888
1.656372	13522.247240	282.744689
1.657404	13520.982756	281.380388
1.658436	13519.712675	280.021949
1.659468	13518.436904	278.669332
1.660501	13517.155347	277.322501
1.661533	13515.867911	275.981419
1.662565	13514.574501	274.646049
1.663597	13513.275025	273.316356
1.664629	13511.969386	271.992302
1.665661	13510.657493	270.673853
1.666693	13509.339249	269.360972
1.667725	13508.014562	268.053626
1.668757	13506.683337	266.751779
1.669789	13505.345480	265.455397
1.670821	13504.000897	264.164447
1.671853	13502.649494	262.878893
1.672885	13501.291176	261.598704
1.673917	13499.925850	260.323845
1.674949	13498.553422	259.054284
1.675981	13497.173797	257.789989
1.677013	13495.786930	256.530933
1.678045	13494.393660	255.277209
1.679077	13492.994243	254.028829
1.680109	13491.588578	252.785759
1.681141	13490.176564	251.547965
1.682173	13488.758097	250.315412
1.683205	13487.333077	249.088066
1.684237	13485.901401	247.865895
1.685269	13484.462967	246.648866
1.686301	13483.017674	245.436944
1.687333	13481.565419	244.230099
1.688365	13480.106101	243.028297
1.689397	13478.639618	241.831508
1.690429	13477.165868	240.639699
1.691461	13475.684748	239.452839
1.692493	13474.196158	238.270898
1.693526	13472.699995	237.093844
1.694558	13471.196157	235.921647
1.695590	13469.684543	234.754277
1.696622	13468.165050	233.591705
1.697654	13466.637577	232.433901
1.698686	13465.102761	231.280921
1.699718	13463.561171	230.132813
1.700750	13462.012694	228.989547
1.701782	13460.457218	227.851092
1.702814	13458.894632	226.717417
1.703846	13457.324822	225.588493
1.704878	13455.747678	224.464290
1.705910	13454.163087	223.344777
1.706942	13452.570937	222.229927
1.707974	13450.971115	221.119709
1.709006	13449.363511	220.014096
1.710038	13447.748011	218.913059
1.711070	13446.124505	217.816570
1.712102	13444.492879	216.724600
1.713134	13442.853022	215.637124
1.714166	13441.204822	214.554112
1.715198	13439.548166	213.475539
1.716230	13437.882943	212.401378
1.717262	13436.209041	211.331601
1.718294	13434.526480	210.266196
1.719326	13432.836273	209.205255
1.720358	13431.138553	208.148773
1.721390	13429.433195	207.096721
1.722422	13427.720074	206.049071
1.723454	13425.999067	205.005792
1.724486	13424.270047	203.966857
1.725519	13422.532891	202.932237
1.726551	13420.787473	201.901905
1.727583	13419.033669	200.875831
1.728615	13417.271354	199.853989
1.729647	13415.500403	198.836352
1.730679	13413.720692	197.822892
1.731711	13411.932095	196.813584
1.732743	13410.134488	195.808400
1.733775	13408.327747	194.807314
1.734807	13406.511746	193.810301
1.735839	13404.686360	192.817335
1.736871	13402.851466	191.828391
1.737903	13401.007111	190.843460
1.738935	13399.154395	189.862633
1.739967	13397.293419	188.885905
1.740999	13395.424043	187.913249
1.742031	13393.546125	186.944638
1.743063	13391.659526	185.980046
1.744095	13389.764105	185.019447
1.745127	13387.859720	184.062814
1.746159	13385.946233	183.110122
1.747191	13384.023501	182.161345
1.748223	13382.091386	181.216458
1.749255	13380.149745	180.275437
1.750287	13378.198439	179.338257
1.751319	13376.237327	178.404893
1.752351	13374.266269	177.475321
1.753383	13372.285123	176.549517
1.754415	13370.293750	175.627458
1.755447	13368.292010	174.709121
1.756479	13366.279779	173.794483
1.757512	13364.258039	172.883618
1.758544	13362.227287	171.976556
1.759576	13360.187363	171.073270
1.760608	13358.138107	170.173733
1.761640	13356.079359	169.277920
1.762672	13354.010960	168.385805
1.763704	13351.932749	167.497362
1.764736	13349.844566	166.612567
1.765768	13347.746252	165.731395
1.766800	13345.637647	164.853822
1.767832	13343.518590	163.979822
1.768864	13341.388922	163.109372
1.769896	13339.248483	162.242449
1.770928	13337.097112	161.379029
1.771960	13334.934651	160.519088
1.772992	13332.760938	159.662605
1.774024	13330.575815	158.809556
1.775056	13328.379345	157.959937
1.776088	13326.172845	157.113843
1.777120	13323.956405	156.271270
1.778152	13321.729842	155.432193
1.779184	13319.492971	154.596586
1.780216	13317.245609	153.764424
1.781248	13314.987571	152.935682
1.782280	13312.718674	152.110336
1.783312	13310.438733	151.288360
1.784344	13308.147566	150.469732
1.785376	13305.844987	149.654427
1.786408	13303.530813	148.842422
1.787440	13301.204861	148.033694
1.788472	13298.866945	147.228220
1.789505	13296.516883	146.425978
1.790537	13294.154489	145.626945
1.791569	13291.779582	144.831100
1.792601	13289.392190	144.038435
1.793633	13286.993768	143.249048
1.794665	13284.584448	142.462939
1.795697	13282.164016	141.680083
1.796729	13279.732260	140.900455
1.797761	13277.288966	140.124033
1.798793	13274.833920	139.350790
1.799825	13272.366910	138.580706
1.800857	13269.887722	137.813755
1.801889	13267.396142	137.049916
1.802921	13264.891958	136.289165
1.803953	13262.374955	135.531481
1.804985	13259.844922	134.776841
1.806017	13257.301643	134.025225
1.807049	13254.744907	133.276609
1.808081	13252.174499	132.530974
1.809113	13249.590208	131.788298
1.810145	13246.993144	131.048650
1.811177	13244.384213	130.312081
1.812209	13241.763162	129.578566
1.813241	13239.129744	128.848079
1.814273	13236.483708	128.120596
1.815305	13233.824804	127.396091
1.816337	13231.152782	126.674542
1.817369	13228.467393	125.955924
1.818401	13225.768385	125.240212
1.819433	13223.055510	124.527385
1.820465	13220.328517	123.817419
1.821497	13217.587156	123.110292
1.822530	13214.831178	122.405981
1.823562	13212.060333	121.704464
1.824594	13209.274370	121.005721
1.825626	13206.473133	120.309734
1.826658	13203.658297	119.616602
1.827690	13200.830346	118.926348
1.828722	13197.988982	118.238947
1.829754	13195.133911	117.554375
1.830786	13192.264838	116.872606
1.831818	13189.381466	116.193617
1.832850	13186.483500	115.517385
1.833882	13183.570645	114.843886
1.834914	13180.642606	114.173097
1.835946	13177.699086	113.504996
1.836978	13174.739791	112.839561
1.838010	13171.764426	112.176770
1.839042	13168.772693	111.516601
1.840074	13165.764299	110.859034
1.841106	13162.738962	110.204047
1.842138	13159.698248	109.551730
1.843170	13156.643127	108.902130
1.844202	13153.573247	108.255221
1.845234	13150.488254	107.610977
1.846266	13147.387796	106.969370
1.847298	13144.271521	106.330375
1.848330	13141.139076	105.693965
1.849362	13137.990109	105.060117
1.850394	13134.824268	104.428805
1.851426	13131.641199	103.800004
1.852458	13128.440551	103.173691
1.853490	13125.221971	102.549842
1.854523	13121.985106	101.928434
1.855555	13118.729605	101.309444
1.856587	13115.455650	100.692878
1.857619	13112.165609	100.078861
1.858651	13108.859446	99.467387
1.859683	13105.536737	98.858428
1.860715	13102.197057	98.251959
1.861747	13098.839983	97.647952
1.862779	13095.465089	97.046383
1.863811	13092.071952	96.447227
1.864843	13088.660146	95.850460
1.865875	13085.229247	95.256056
1.866907	13081.778831	94.663992
1.867939	13078.308473	94.074245
1.868971	13074.817750	93.486793
1.870003	13071.306235	92.901612
1.871035	13067.774245	92.318718
1.872067	13064.224472	91.738246
1.873099	13060.656760	91.160183
1.874131	13057.070592	90.584498
1.875163	13053.465454	90.011160
1.876195	13049.840829	89.440140
1.877227	13046.196201	88.871408
1.878259	13042.531055	88.304936
1.879291	13038.844874	87.740695
1.880323	13035.137143	87.178658
1.881355	13031.407346	86.618798
1.882387	13027.654967	86.061087
1.883419	13023.879490	85.505501
1.884451	13020.080537	84.952019
1.885483	13016.260953	84.400775
1.886516	13012.421569	83.851806
1.887548	13008.561753	83.305082
1.888580	13004.680871	82.760572
1.889612	13000.778288	82.218248
1.890644	12996.853372	81.678080
1.891676	12992.905490	81.140041
1.892708	12988.934007	80.604103
1.893740	12984.938290	80.070239
1.894772	12980.917705	79.538422
1.895804	12976.871620	79.008627
1.896836	12972.799400	78.480828
1.897868	12968.701065	77.955029
1.898900	12964.580319	77.431394
1.899932	12960.437198	76.909920
1.900964	12956.270917	76.390571
1.901996	12952.080691	75.873311
1.903028	12947.865733	75.358104
1.904060	12943.625258	74.844915
1.905092	12939.358481	74.333711
1.906124	12935.064615	73.824458
1.907156	12930.742875	73.317124
1.908188	12926.392476	72.811677
1.909220	12922.012630	72.308085
1.910252	12917.602855	71.806332
1.911284	12913.167246	71.306591
1.912316	12908.706576	70.808896
1.913348	12904.219859	70.313207
1.914380	12899.706110	69.819484
1.915412	12895.164343	69.327690
1.916444	12890.593572	68.837787
1.917476	12885.992813	68.349740
1.918509	12881.361079	67.863513
1.919541	12876.697386	67.379070
1.920573	12872.000746	66.896379
1.921605	12867.270176	66.415406
1.922637	12862.506704	65.936197
1.923669	12857.715158	65.458944
1.924701	12852.894680	64.983615
1.925733	12848.044020	64.510163
1.926765	12843.161928	64.038542
1.927797	12838.247153	63.568707
1.928829	12833.298445	63.100616
1.929861	12828.314555	62.634226
1.930893	12823.294231	62.169495
1.931925	12818.236224	61.706384
1.932957	12813.139283	61.244853
1.933989	12808.004435	60.784948
1.935021	12802.837553	60.326889
1.936053	12797.637584	59.870642
1.937085	12792.402921	59.416152
1.938117	12787.131956	58.963370
1.939149	12781.823084	58.512243
1.940181	12776.474698	58.062724
1.941213	12771.085190	57.614763
1.942245	12765.652955	57.168315
1.943277	12760.176385	56.723334
1.944309	12754.654169	56.279786
1.945341	12749.092932	55.837910
1.946373	12743.494443	55.397772
1.947405	12737.856610	54.959305
1.948437	12732.177341	54.522445
1.949469	12726.454542	54.087131
1.950502	12720.686122	53.653300
1.951534	12714.869988	53.220894
1.952566	12709.004047	52.789856
1.953598	12703.086209	52.360130
1.954630	12697.115226	51.931689
1.955662	12691.099972	51.504836
1.956694	12685.041179	51.079603
1.957726	12678.936057	50.655909
1.958758	12672.781819	50.233676
1.959790	12666.575677	49.812829
1.960822	12660.314842	49.393292
1.961854	12653.996526	48.974996
1.962886	12647.617941	48.557869
1.963918	12641.176299	48.141846
1.964950	12634.679532	47.727196
1.965982	12628.134176	47.314135
1.967014	12621.535752	46.902531
1.968046	12614.879787	46.492258
1.969078	12608.161803	46.083193
1.970110	12601.377325	45.675216
1.971142	12594.521876	45.268211
1.972174	12587.590980	44.862067
1.973206	12580.581124	44.456704
1.974238	12573.509484	44.052665
1.975270	12566.378427	43.650038
1.976302	12559.180655	43.248622
1.977334	12551.908876	42.848224
1.978366	12544.555792	42.448655
1.979398	12537.114110	42.049734
1.980430	12529.576533	41.651286
1.981462	12521.935868	41.253143
1.982494	12514.210630	40.855875
1.983527	12506.411057	40.459800
1.984559	12498.526288	40.064634
1.985591	12490.545463	39.670106
1.986623	12482.457719	39.275951
1.987655	12474.252197	38.881915
1.988687	12465.918034	38.487752
1.989719	12457.452750	38.093452
1.990751	12448.891986	37.700022
1.991783	12440.227118	37.307270
1.992815	12431.441414	36.914801
1.993847	12422.518146	36.522232
1.994879	12413.440582	36.129196
1.995911	12404.191993	35.735339
1.996943	12394.771566	35.340723
1.997975	12385.227358	34.946633
1.999007	12375.540737	34.552658
2.000039	12365.684778	34.158196
2.001071	12355.632557	33.762671
2.002103	12345.357149	33.365530
2.003135	12334.838182	32.966399
2.004167	12324.143239	32.567013
2.005199	12313.261951	32.167210
2.006231	12302.148685	31.766014
2.007263	12290.757803	31.362491
2.008295	12279.043670	30.955747
2.009327	12267.009275	30.546028
2.010359	12254.746552	30.135569
2.011391	12242.184898	29.722931
2.012423	12229.241507	29.306472
2.013455	12215.833577	28.884630
2.014487	12201.961072	28.457694
2.015520	12187.757490	28.028773
2.016552	12173.080105	27.595064
2.017584	12157.767169	27.153509
2.018616	12141.693479	26.701968
2.019648	12125.108009	26.245986
2.020680	12107.817649	25.782053
2.021712	12089.473741	25.303811
2.022744	12069.964022	24.809874
2.023776	12049.603058	24.307140
2.024808	12027.626675	23.781908
2.025840	12003.588992	23.227325
2.026872	11977.990841	22.654315
2.027904	11948.415910	22.021267
2.028936	11916.097412	21.353839
2.029968	11874.536370	20.544880
2.031000	11812.456580	19.422475
