1.000000	14952.375799	9591.674556
1.001801	14953.247745	9506.604023
1.003602	14954.116677	9422.383801
1.005402	14954.982594	9339.004810
1.007203	14955.845499	9256.458076
1.009004	14956.705390	9174.734728
1.010805	14957.562270	9093.825994
1.012606	14958.416137	9013.723208
1.014406	14959.266993	8934.417800
1.016207	14960.114839	8855.901298
1.018008	14960.959674	8778.165328
1.019809	14961.801500	8701.201612
1.021610	14962.640317	8625.001968
1.023410	14963.476126	8549.558287
1.025211	14964.308932	8474.857807
1.027012	14965.138738	8400.888955
1.028813	14965.965543	8327.644064
1.030614	14966.789343	8255.115554
1.032414	14967.610138	8183.295930
1.034215	14968.427925	8112.177783
1.036016	14969.242702	8041.753786
1.037817	14970.054466	7972.016697
1.039618	14970.863217	7902.959354
1.041418	14971.668952	7834.574675
1.043219	14972.471668	7766.855661
1.045020	14973.271365	7699.795387
1.046821	14974.068039	7633.387011
1.048622	14974.861689	7567.623765
1.050422	14975.652313	7502.498956
1.052223	14976.439908	7438.005967
1.054024	14977.224473	7374.138257
1.055825	14978.006006	7310.889356
1.057626	14978.784504	7248.252867
1.059426	14979.559966	7186.222465
1.061227	14980.332391	7124.791273
1.063028	14981.101791	7063.948206
1.064829	14981.868169	7003.686182
1.066630	14982.631523	6943.999258
1.068430	14983.391853	6884.881560
1.070231	14984.149159	6826.327275
1.072032	14984.903440	6768.330658
1.073833	14985.654696	6710.886026
1.075634	14986.402926	6653.987757
1.077434	14987.148129	6597.630294
1.079235	14987.890306	6541.808141
1.081036	14988.629455	6486.515859
1.082837	14989.365577	6431.748073
1.084638	14990.098670	6377.499466
1.086438	14990.828734	6323.764777
1.088239	14991.555769	6270.538806
1.090040	14992.279773	6217.816409
1.091841	14993.000748	6165.592497
1.093642	14993.718691	6113.862039
1.095442	14994.433603	6062.620056
1.097243	14995.145482	6011.861626
1.099044	14995.854328	5961.581613
1.100845	14996.560125	5911.771459
1.102646	14997.262870	5862.425273
1.104446	14997.962568	5813.538449
1.106247	14998.659222	5765.106430
1.108048	14999.352836	5717.124708
1.109849	15000.043413	5669.588822
1.111650	15000.730958	5622.494361
1.113450	15001.415474	5575.836960
1.115251	15002.096965	5529.612299
1.117052	15002.775435	5483.816108
1.118853	15003.450887	5438.444160
1.120654	15004.123326	5393.492272
1.122454	15004.792754	5348.956308
1.124255	15005.459176	5304.832175
1.126056	15006.122595	5261.115823
1.127857	15006.783016	5217.803246
1.129658	15007.440442	5174.890480
1.131458	15008.094876	5132.373602
1.133259	15008.746322	5090.248732
1.135060	15009.394785	5048.512032
1.136861	15010.040268	5007.159701
1.138662	15010.682752	4966.186874
1.140462	15011.322184	4925.586896
1.142263	15011.958570	4885.355994
1.144064	15012.591916	4845.490598
1.145865	15013.222231	4805.987175
1.147666	15013.849523	4766.842229
1.149466	15014.473800	4728.052301
1.151267	15015.095069	4689.613967
1.153068	15015.713339	4651.523841
1.154869	15016.328617	4613.778568
1.156670	15016.940912	4576.374833
1.158470	15017.550231	4539.309351
1.160271	15018.156583	4502.578873
1.162072	15018.759975	4466.180185
1.163873	15019.360416	4430.110104
1.165674	15019.957913	4394.365482
1.167474	15020.552474	4358.943201
1.169275	15021.144107	4323.840178
1.171076	15021.732820	4289.053360
1.172877	15022.318621	4254.579726
1.174678	15022.901519	4220.416286
1.176478	15023.481520	4186.560082
1.178279	15024.058602	4153.007446
1.180080	15024.632663	4119.752957
1.181881	15025.203706	4086.793605
1.183682	15025.771745	4054.126630
1.185482	15026.336792	4021.749299
1.187283	15026.898859	3989.658903
1.189084	15027.457959	3957.852765
1.190885	15028.014104	3926.328232
1.192686	15028.567307	3895.082678
1.194486	15029.117580	3864.113503
1.196287	15029.664936	3833.418135
1.198088	15030.209388	3802.994024
1.199889	15030.750947	3772.838648
1.201690	15031.289627	3742.949510
1.203490	15031.825441	3713.324138
1.205291	15032.358399	3683.960083
1.207092	15032.888516	3654.854921
1.208893	15033.415803	3626.006254
1.210694	15033.940274	3597.411706
1.212494	15034.461940	3569.068924
1.214295	15034.980815	3540.975580
1.216096	15035.496910	3513.129367
1.217897	15036.010237	3485.527991
1.219698	15036.520680	3458.167569
1.221498	15037.028161	3431.044746
1.223299	15037.532699	3404.157327
1.225100	15038.034310	3377.503144
1.226901	15038.533011	3351.080047
1.228702	15039.028818	3324.885908
1.230503	15039.521750	3298.918621
1.232303	15040.011822	3273.176102
1.234104	15040.499051	3247.656284
1.235905	15040.983455	3222.357124
1.237706	15041.465049	3197.276599
1.239507	15041.943852	3172.412703
1.241307	15042.419880	3147.763453
1.243108	15042.893149	3123.326885
1.244909	15043.363677	3099.101054
1.246710	15043.831480	3075.084033
1.248511	15044.296576	3051.273916
1.250311	15044.758981	3027.668815
1.252112	15045.218712	3004.266860
1.253913	15045.675786	2981.066200
1.255714	15046.130219	2958.065002
1.257515	15046.582029	2935.261452
1.259315	15047.031233	2912.653748
1.261116	15047.477687	2890.238827
1.262917	15047.921282	2868.013945
1.264718	15048.362040	2845.977426
1.266519	15048.799980	2824.127613
1.268319	15049.235122	2802.462863
1.270120	15049.667488	2780.981550
1.271921	15050.097097	2759.682062
1.273722	15050.523970	2738.562801
1.275523	15050.948127	2717.622185
1.277323	15051.369589	2696.858647
1.279124	15051.788376	2676.270634
1.280925	15052.204508	2655.856607
1.282726	15052.618006	2635.615042
1.284527	15053.028890	2615.544430
1.286327	15053.437181	2595.643273
1.288128	15053.842898	2575.910090
1.289929	15054.246063	2556.343412
1.291730	15054.646696	2536.941784
1.293531	15055.044817	2517.703764
1.295331	15055.440446	2498.627925
1.297132	15055.833604	2479.712851
1.298933	15056.224311	2460.957140
1.300734	15056.612588	2442.359404
1.302535	15056.998411	2423.917997
1.304335	15057.381561	2405.630101
1.306136	15057.762022	2387.494155
1.307937	15058.139815	2369.508830
1.309738	15058.514959	2351.672812
1.311539	15058.887473	2333.984796
1.313339	15059.257379	2316.443491
1.315140	15059.624694	2299.047617
1.316941	15059.989440	2281.795908
1.318742	15060.351635	2264.687107
1.320543	15060.711301	2247.719972
1.322343	15061.068456	2230.893270
1.324144	15061.423120	2214.205780
1.325945	15061.775314	2197.656293
1.327746	15062.125057	2181.243611
1.329547	15062.472368	2164.966547
1.331347	15062.817269	2148.823925
1.333148	15063.159777	2132.814581
1.334949	15063.499914	2116.937359
1.336750	15063.837699	2101.191117
1.338551	15064.173152	2085.574722
1.340351	15064.506293	2070.087052
1.342152	15064.837141	2054.726993
1.343953	15065.165716	2039.493446
1.345754	15065.492002	2024.385140
1.347555	15065.815791	2009.399922
1.349355	15066.137064	1994.536562
1.351156	15066.455837	1979.794021
1.352957	15066.772128	1965.171271
1.354758	15067.085954	1950.667294
1.356559	15067.397333	1936.281079
1.358359	15067.706281	1922.011626
1.360160	15068.012815	1907.857944
1.361961	15068.316954	1893.819051
1.363762	15068.618714	1879.893973
1.365563	15068.918112	1866.081746
1.367363	15069.215166	1852.381413
1.369164	15069.509893	1838.792028
1.370965	15069.802310	1825.312652
1.372766	15070.092434	1811.942354
1.374567	15070.380283	1798.680213
1.376367	15070.665874	1785.525315
1.378168	15070.949225	1772.476756
1.379969	15071.230351	1759.533638
1.381770	15071.509272	1746.695072
1.383571	15071.786003	1733.960177
1.385371	15072.060562	1721.328080
1.387172	15072.332967	1708.797915
1.388973	15072.603234	1696.368827
1.390774	15072.871266	1684.039451
1.392575	15073.136945	1671.808378
1.394375	15073.400286	1659.674776
1.396176	15073.661299	1647.637825
1.397977	15073.919998	1635.696709
1.399778	15074.176395	1623.850621
1.401579	15074.430501	1612.098762
1.403379	15074.682331	1600.440340
1.405180	15074.931895	1588.874568
1.406981	15075.179206	1577.400669
1.408782	15075.424277	1566.017873
1.410583	15075.667120	1554.725414
1.412383	15075.907748	1543.522536
1.414184	15076.146172	1532.408488
1.415985	15076.382405	1521.382527
1.417786	15076.616459	1510.443916
1.419587	15076.848348	1499.591925
1.421387	15077.078082	1488.825831
1.423188	15077.305675	1478.144915
1.424989	15077.531139	1467.548469
1.426790	15077.754486	1457.035787
1.428591	15077.975729	1446.606172
1.430391	15078.194880	1436.258932
1.432192	15078.411951	1425.993381
1.433993	15078.626955	1415.808841
1.435794	15078.839823	1405.704277
1.437595	15079.050471	1395.678609
1.439395	15079.258906	1385.731183
1.441196	15079.465137	1375.861354
1.442997	15079.669172	1366.068482
1.444798	15079.871021	1356.351933
1.446599	15080.070690	1346.711079
1.448399	15080.268190	1337.145296
1.450200	15080.463527	1327.653968
1.452001	15080.656710	1318.236482
1.453802	15080.847749	1308.892232
1.455603	15081.036651	1299.620617
1.457403	15081.223424	1290.421041
1.459204	15081.408077	1281.292914
1.461005	15081.590619	1272.235650
1.462806	15081.771057	1263.248669
1.464607	15081.949401	1254.331397
1.466407	15082.125658	1245.483264
1.468208	15082.299837	1236.703705
1.470009	15082.471947	1227.992159
1.471810	15082.641995	1219.348073
1.473611	15082.809991	1210.770896
1.475411	15082.975942	1202.260082
1.477212	15083.139857	1193.815092
1.479013	15083.301744	1185.435391
1.480814	15083.461600	1177.120381
1.482615	15083.619352	1168.869113
1.484415	15083.774991	1160.680992
1.486216	15083.928518	1152.555499
1.488017	15084.079940	1144.492125
1.489818	15084.229259	1136.490362
1.491619	15084.376480	1128.549707
1.493419	15084.521606	1120.669664
1.495220	15084.664641	1112.849738
1.497021	15084.805589	1105.089441
1.498822	15084.944455	1097.388288
1.500623	15085.081241	1089.745798
1.502423	15085.215953	1082.161496
1.504224	15085.348593	1074.634909
1.506025	15085.479165	1067.165569
1.507826	15085.607675	1059.753014
1.509627	15085.734125	1052.396783
1.511427	15085.858519	1045.096421
1.513228	15085.980861	1037.851477
1.515029	15086.101156	1030.661502
1.516830	15086.219407	1023.526054
1.518631	15086.335617	1016.444693
1.520431	15086.449792	1009.416983
1.522232	15086.561934	1002.442491
1.524033	15086.672048	995.520790
1.525834	15086.780138	988.651456
1.527635	15086.886235	981.834018
1.529435	15086.990468	975.067816
1.531236	15087.092832	968.352400
1.533037	15087.193302	961.687353
1.534838	15087.291852	955.072264
1.536639	15087.388456	948.506725
1.538439	15087.483090	941.990332
1.540240	15087.575727	935.522685
1.542041	15087.666343	929.103385
1.543842	15087.754913	922.732041
1.545643	15087.841410	916.408262
1.547443	15087.925810	910.131663
1.549244	15088.008088	903.901860
1.551045	15088.088217	897.718474
1.552846	15088.166173	891.581130
1.554647	15088.241930	885.489455
1.556447	15088.315463	879.443081
1.558248	15088.386746	873.441641
1.560049	15088.455755	867.484773
1.561850	15088.522463	861.572119
1.563651	15088.586846	855.703321
1.565451	15088.648879	849.878028
1.567252	15088.708535	844.095889
1.569053	15088.765789	838.356559
1.570854	15088.820617	832.659695
1.572655	15088.872993	827.004955
1.574455	15088.922905	821.392000
1.576256	15088.970775	815.820432
1.578057	15089.016804	810.289890
1.579858	15089.060992	804.800052
1.581659	15089.103339	799.350593
1.583459	15089.143846	793.941196
1.585260	15089.182512	788.571543
1.587061	15089.219337	783.241321
1.588862	15089.254321	777.950218
1.590663	15089.287464	772.697927
1.592463	15089.318767	767.484141
1.594264	15089.348229	762.308558
1.596065	15089.375849	757.170877
1.597866	15089.401630	752.070801
1.599667	15089.425569	747.008033
1.601467	15089.447668	741.982281
1.603268	15089.467925	736.993256
1.605069	15089.486342	732.040669
1.606870	15089.502919	727.124235
1.608671	15089.517654	722.243671
1.610471	15089.530549	717.398697
1.612272	15089.541603	712.589035
1.614073	15089.550816	707.814410
1.615874	15089.558188	703.074547
1.617675	15089.563719	698.369177
1.619475	15089.567410	693.698030
1.621276	15089.569260	689.060841
1.623077	15089.569185	684.457301
1.624878	15089.566683	679.886888
1.626679	15089.561686	675.349307
1.628479	15089.554214	670.844308
1.630280	15089.544285	666.371648
1.632081	15089.531921	661.931081
1.633882	15089.517141	657.522367
1.635683	15089.499965	653.145266
1.637483	15089.480412	648.799540
1.639284	15089.458503	644.484952
1.641085	15089.434257	640.201269
1.642886	15089.407694	635.948259
1.644687	15089.378833	631.725692
1.646487	15089.347696	627.533338
1.648288	15089.314301	623.370972
1.650089	15089.278668	619.238369
1.651890	15089.240817	615.135305
1.653691	15089.200769	611.061560
1.655491	15089.158542	607.016914
1.657292	15089.114156	603.001149
1.659093	15089.067632	599.014050
1.660894	15089.018990	595.055402
1.662695	15088.968248	591.124993
1.664495	15088.915427	587.222611
1.666296	15088.860547	583.348049
1.668097	15088.803627	579.501098
1.669898	15088.744687	575.681553
1.671699	15088.683739	571.889193
1.673499	15088.620729	568.123694
1.675300	15088.555635	564.384824
1.677101	15088.488447	560.672379
1.678902	15088.419153	556.986158
1.680703	15088.347742	553.325957
1.682504	15088.274203	549.691578
1.684304	15088.198526	546.082824
1.686105	15088.120699	542.499498
1.687906	15088.040711	538.941406
1.689707	15087.958553	535.408355
1.691508	15087.874211	531.900154
1.693308	15087.787677	528.416613
1.695109	15087.698938	524.957546
1.696910	15087.607984	521.522765
1.698711	15087.514803	518.112086
1.700512	15087.419386	514.725325
1.702312	15087.321720	511.362302
1.704113	15087.221796	508.022836
1.705914	15087.119601	504.706748
1.707715	15087.015125	501.413862
1.709516	15086.908358	498.144001
1.711316	15086.799287	494.896993
1.713117	15086.687903	491.672664
1.714918	15086.574194	488.470842
1.716719	15086.458150	485.291359
1.718520	15086.339758	482.134046
1.720320	15086.219011	478.998736
1.722121	15086.096038	475.885220
1.723922	15085.970910	472.793309
1.725723	15085.843612	469.722840
1.727524	15085.714131	466.673653
1.729324	15085.582454	463.645587
1.731125	15085.448565	460.638483
1.732926	15085.312452	457.652185
1.734727	15085.174099	454.686536
1.736528	15085.033494	451.741381
1.738328	15084.890622	448.816569
1.740129	15084.745469	445.911945
1.741930	15084.598022	443.027360
1.743731	15084.448265	440.162664
1.745532	15084.296186	437.317709
1.747332	15084.141771	434.492347
1.749133	15083.985005	431.686432
1.750934	15083.825874	428.899821
1.752735	15083.664365	426.132369
1.754536	15083.500463	423.383934
1.756336	15083.334155	420.654375
1.758137	15083.165427	417.943552
1.759938	15082.994264	415.251326
1.761739	15082.820653	412.577561
1.763540	15082.644579	409.922118
1.765340	15082.466030	407.284863
1.767141	15082.284990	404.665661
1.768942	15082.101446	402.064379
1.770743	15081.915436	399.480878
1.772544	15081.727150	396.914998
1.774344	15081.536595	394.366603
1.776145	15081.343753	391.835564
1.777946	15081.148607	389.321752
1.779747	15080.951142	386.825039
1.781548	15080.751341	384.345299
1.783348	15080.549188	381.882405
1.785149	15080.344666	379.436233
1.786950	15080.137758	377.006659
1.788751	15079.928448	374.593561
1.790552	15079.716721	372.196816
1.792352	15079.502558	369.816305
1.794153	15079.285944	367.451908
1.795954	15079.066863	365.103505
1.797755	15078.845298	362.770980
1.799556	15078.621232	360.454215
1.801356	15078.394649	358.153095
1.803157	15078.165533	355.867505
1.804958	15077.933867	353.597331
1.806759	15077.699635	351.342460
1.808560	15077.462820	349.102781
1.810360	15077.223406	346.878181
1.812161	15076.981376	344.668552
1.813962	15076.736715	342.473782
1.815763	15076.489404	340.293766
1.817564	15076.239429	338.128393
1.819364	15075.986772	335.977559
1.821165	15075.731564	333.841150
1.822966	15075.473972	331.719050
1.824767	15075.213975	329.611156
1.826568	15074.951555	327.517364
1.828368	15074.686692	325.437571
1.830169	15074.419367	323.371676
1.831970	15074.149559	321.319575
1.833771	15073.877249	319.281171
1.835572	15073.602418	317.256362
1.837372	15073.325046	315.245051
1.839173	15073.045114	313.247139
1.840974	15072.762601	311.262530
1.842775	15072.477488	309.291126
1.844576	15072.189755	307.332833
1.846376	15071.899383	305.387555
1.848177	15071.606353	303.455200
1.849978	15071.310644	301.535672
1.851779	15071.012237	299.628881
1.853580	15070.711112	297.734734
1.855380	15070.407251	295.853140
1.857181	15070.100632	293.984010
1.858982	15069.791237	292.127252
1.860783	15069.479045	290.282780
1.862584	15069.164038	288.450504
1.864384	15068.846196	286.630337
1.866185	15068.525498	284.822192
1.867986	15068.201926	283.025984
1.869787	15067.875467	281.241627
1.871588	15067.546359	279.469034
1.873388	15067.214705	277.708118
1.875189	15066.880485	275.958796
1.876990	15066.543675	274.220983
1.878791	15066.204252	272.494597
1.880592	15065.862193	270.779557
1.882392	15065.517475	269.075780
1.884193	15065.170076	267.383186
1.885994	15064.819973	265.701695
1.887795	15064.467142	264.031228
1.889596	15064.111561	262.371705
1.891396	15063.753207	260.723048
1.893197	15063.392057	259.085180
1.894998	15063.028088	257.458024
1.896799	15062.661278	255.841504
1.898600	15062.291603	254.235544
1.900400	15061.919041	252.640068
1.902201	15061.543568	251.055003
1.904002	15061.165162	249.480274
1.905803	15060.783800	247.915808
1.907604	15060.399459	246.361533
1.909404	15060.012116	244.817376
1.911205	15059.621748	243.283265
1.913006	15059.228333	241.759131
1.914807	15058.831848	240.244901
1.916608	15058.432269	238.740507
1.918408	15058.029574	237.245879
1.920209	15057.623784	235.760949
1.922010	15057.215217	234.285656
1.923811	15056.803918	232.819931
1.925612	15056.389859	231.363706
1.927412	15055.973014	229.916915
1.929213	15055.553357	228.479489
1.931014	15055.130860	227.051362
1.932815	15054.705497	225.632469
1.934616	15054.277242	224.222743
1.936416	15053.846067	222.822119
1.938217	15053.411946	221.430534
1.940018	15052.974853	220.047923
1.941819	15052.534760	218.674222
1.943620	15052.091641	217.309369
1.945420	15051.645469	215.953301
1.947221	15051.196218	214.605957
1.949022	15050.743861	213.267274
1.950823	15050.288372	211.937193
1.952624	15049.829722	210.615652
1.954424	15049.367887	209.302591
1.956225	15048.902839	207.997952
1.958026	15048.434552	206.701674
1.959827	15047.962998	205.413700
1.961628	15047.488152	204.133971
1.963428	15047.009986	202.862429
1.965229	15046.528475	201.599019
1.967030	15046.043590	200.343681
1.968831	15045.555306	199.096362
1.970632	15045.063752	197.857009
1.972432	15044.569263	196.625579
1.974233	15044.071821	195.402016
1.976034	15043.571394	194.186265
1.977835	15043.067952	192.978271
1.979636	15042.561462	191.777980
1.981436	15042.051894	190.585337
1.983237	15041.539215	189.400290
1.985038	15041.023394	188.222784
1.986839	15040.504400	187.052767
1.988640	15039.982201	185.890187
1.990440	15039.456765	184.734991
1.992241	15038.928062	183.587129
1.994042	15038.396059	182.446549
1.995843	15037.860725	181.313200
1.997644	15037.322029	180.187033
1.999444	15036.779938	179.067997
2.001245	15036.234422	177.956043
2.003046	15035.685449	176.851121
2.004847	15035.132987	175.753184
2.006648	15034.577005	174.662182
2.008448	15034.017471	173.578068
2.010249	15033.454355	172.500794
2.012050	15032.887623	171.430313
2.013851	15032.317245	170.366578
2.015652	15031.743190	169.309543
2.017452	15031.165425	168.259162
2.019253	15030.583937	167.215389
2.021054	15029.999124	166.178195
2.022855	15029.411131	165.147542
2.024656	15028.819918	164.123382
2.026456	15028.225451	163.105671
2.028257	15027.627689	162.094363
2.030058	15027.026597	161.089414
2.031859	15026.422137	160.090780
2.033660	15025.814270	159.098417
2.035460	15025.202960	158.112281
2.037261	15024.588170	157.132329
2.039062	15023.969860	156.158517
2.040863	15023.347995	155.190804
2.042664	15022.722537	154.229147
2.044464	15022.093447	153.273504
2.046265	15021.460689	152.323834
2.048066	15020.824224	151.380095
2.049867	15020.184017	150.442247
2.051668	15019.540028	149.510249
2.053468	15018.892220	148.584061
2.055269	15018.240556	147.663642
2.057070	15017.584999	146.748954
2.058871	15016.925511	145.839956
2.060672	15016.262054	144.936610
2.062472	15015.594590	144.038878
2.064273	15014.923083	143.146720
2.066074	15014.247495	142.260099
2.067875	15013.567788	141.378977
2.069676	15012.884261	140.503330
2.071476	15012.197278	139.633136
2.073277	15011.506795	138.768357
2.075078	15010.812766	137.908955
2.076879	15010.115148	137.054893
2.078680	15009.413894	136.206133
2.080480	15008.708960	135.362640
2.082281	15008.000301	134.524376
2.084082	15007.287871	133.691305
2.085883	15006.571627	132.863392
2.087684	15005.851523	132.040600
2.089484	15005.127513	131.222895
2.091285	15004.399554	130.410241
2.093086	15003.667599	129.602604
2.094887	15002.931605	128.799950
2.096688	15002.191525	128.002243
2.098488	15001.447316	127.209450
2.100289	15000.698931	126.421538
2.102090	14999.946327	125.638473
2.103891	14999.189458	124.860222
2.105692	14998.428279	124.086752
2.107492	14997.662745	123.318030
2.109293	14996.892811	122.554025
2.111094	14996.118433	121.794704
2.112895	14995.339565	121.040035
2.114696	14994.556161	120.289986
2.116496	14993.768179	119.544527
2.118297	14992.975997	118.803643
2.120098	14992.180020	118.067319
2.121899	14991.380194	117.335524
2.123700	14990.576465	116.608227
2.125501	14989.768779	115.885395
2.127301	14988.957081	115.166999
2.129102	14988.141318	114.453007
2.130903	14987.321434	113.743388
2.132704	14986.497377	113.038113
2.134505	14985.669092	112.337151
2.136305	14984.836524	111.640474
2.138106	14983.999620	110.948050
2.139907	14983.158326	110.259851
2.141708	14982.312586	109.575848
2.143509	14981.462347	108.896013
2.145309	14980.607556	108.220315
2.147110	14979.748157	107.548728
2.148911	14978.884096	106.881224
2.150712	14978.015320	106.217773
2.152513	14977.141774	105.558349
2.154313	14976.263404	104.902924
2.156114	14975.380156	104.251471
2.157915	14974.491975	103.603963
2.159716	14973.598808	102.960373
2.161517	14972.700600	102.320675
2.163317	14971.797298	101.684842
2.165118	14970.888939	101.052852
2.166919	14969.976247	100.424707
2.168720	14969.059331	99.800386
2.170521	14968.138126	99.179863
2.172321	14967.212567	98.563112
2.174122	14966.282587	97.950105
2.175923	14965.348121	97.340817
2.177724	14964.409103	96.735222
2.179525	14963.465468	96.133294
2.181325	14962.517150	95.535008
2.183126	14961.564083	94.940338
2.184927	14960.606201	94.349259
2.186728	14959.643439	93.761747
2.188529	14958.675731	93.177776
2.190329	14957.703012	92.597323
2.192130	14956.725215	92.020363
2.193931	14955.742276	91.446872
2.195732	14954.754127	90.876826
2.197533	14953.760705	90.310202
2.199333	14952.761942	89.746976
2.201134	14951.757774	89.187125
2.202935	14950.748134	88.630626
2.204736	14949.732957	88.077456
2.206537	14948.712177	87.527592
2.208337	14947.685729	86.981013
2.210138	14946.653547	86.437695
2.211939	14945.615642	85.897619
2.213740	14944.572860	85.360794
2.215541	14943.525384	84.827205
2.217341	14942.473131	84.296831
2.219142	14941.416023	83.769647
2.220943	14940.353977	83.245632
2.222744	14939.286914	82.724763
2.224545	14938.214752	82.207019
2.226345	14937.137411	81.692376
2.228146	14936.054810	81.180815
2.229947	14934.966868	80.672312
2.231748	14933.873505	80.166848
2.233549	14932.774640	79.664399
2.235349	14931.670192	79.164947
2.237150	14930.560080	78.668469
2.238951	14929.444224	78.174946
2.240752	14928.322543	77.684356
2.242553	14927.194956	77.196680
2.244353	14926.061382	76.711898
2.246154	14924.921741	76.229989
2.247955	14923.775952	75.750934
2.249756	14922.623935	75.274713
2.251557	14921.465608	74.801307
2.253357	14920.300890	74.330697
2.255158	14919.129702	73.862863
2.256959	14917.951962	73.397787
2.258760	14916.768148	72.935467
2.260561	14915.579100	72.475911
2.262361	14914.384733	72.019099
2.264162	14913.184946	71.565013
2.265963	14911.979641	71.113632
2.267764	14910.768718	70.664937
2.269565	14909.552078	70.218909
2.271365	14908.329620	69.775530
2.273166	14907.101247	69.334780
2.274967	14905.866857	68.896640
2.276768	14904.626352	68.461092
2.278569	14903.379632	68.028119
2.280369	14902.126598	67.597701
2.282170	14900.867150	67.169821
2.283971	14899.601189	66.744460
2.285772	14898.328616	66.321602
2.287573	14897.049330	65.901229
2.289373	14895.763233	65.483324
2.291174	14894.470224	65.067868
2.292975	14893.170205	64.654846
2.294776	14891.863076	64.244240
2.296577	14890.548738	63.836034
2.298377	14889.227090	63.430210
2.300178	14887.898035	63.026754
2.301979	14886.561472	62.625647
2.303780	14885.218269	62.226902
2.305581	14883.869157	61.830522
2.307381	14882.514011	61.436491
2.309182	14881.152707	61.044792
2.310983	14879.785119	60.655407
2.312784	14878.411125	60.268319
2.314585	14877.030598	59.883511
2.316385	14875.643414	59.500967
2.318186	14874.249449	59.120669
2.319987	14872.848578	58.742602
2.321788	14871.440676	58.366750
2.323589	14870.025620	57.993095
2.325389	14868.603283	57.621623
2.327190	14867.173543	57.252318
2.328991	14865.736273	56.885163
2.330792	14864.291350	56.520143
2.332593	14862.838649	56.157244
2.334393	14861.378045	55.796449
2.336194	14859.909413	55.437744
2.337995	14858.432630	55.081114
2.339796	14856.947571	54.726544
2.341597	14855.454110	54.374019
2.343397	14853.952124	54.023526
2.345198	14852.441487	53.675048
2.346999	14850.923066	53.328598
2.348800	14849.397932	52.984189
2.350601	14847.865930	52.641806
2.352401	14846.326904	52.301433
2.354202	14844.780696	51.963055
2.356003	14843.227148	51.626657
2.357804	14841.666105	51.292223
2.359605	14840.097407	50.959738
2.361405	14838.520898	50.629188
2.363206	14836.936421	50.300558
2.365007	14835.343819	49.973833
2.366808	14833.742933	49.649000
2.368609	14832.133607	49.326044
2.370409	14830.515683	49.004951
2.372210	14828.889004	48.685707
2.374011	14827.253413	48.368298
2.375812	14825.608752	48.052711
2.377613	14823.954864	47.738932
2.379413	14822.291593	47.426948
2.381214	14820.618779	47.116746
2.383015	14818.936267	46.808312
2.384816	14817.243899	46.501634
2.386617	14815.541517	46.196699
2.388417	14813.829590	45.893507
2.390218	14812.109891	45.592088
2.392019	14810.382360	45.292430
2.393820	14808.646794	44.994518
2.395621	14806.902991	44.698340
2.397421	14805.150750	44.403880
2.399222	14803.389867	44.111126
2.401023	14801.620141	43.820063
2.402824	14799.841369	43.530679
2.404625	14798.053350	43.242960
2.406425	14796.255880	42.956892
2.408226	14794.448758	42.672464
2.410027	14792.631782	42.389662
2.411828	14790.804750	42.108473
2.413629	14788.967459	41.828885
2.415429	14787.119706	41.550886
2.417230	14785.261291	41.274463
2.419031	14783.392010	40.999604
2.420832	14781.511662	40.726297
2.422633	14779.620044	40.454530
2.424433	14777.716954	40.184292
2.426234	14775.802190	39.915571
2.428035	14773.875703	39.648359
2.429836	14771.939678	39.382690
2.431637	14769.994683	39.118566
2.433437	14768.040455	38.855974
2.435238	14766.076731	38.594901
2.437039	14764.103245	38.335334
2.438840	14762.119735	38.077258
2.440641	14760.125937	37.820662
2.442441	14758.121587	37.565532
2.444242	14756.106422	37.311856
2.446043	14754.080177	37.059621
2.447844	14752.042589	36.808815
2.449645	14749.993394	36.559426
2.451445	14747.932328	36.311442
2.453246	14745.859129	36.064851
2.455047	14743.773531	35.819641
2.456848	14741.675271	35.575801
2.458649	14739.564086	35.333320
2.460449	14737.439712	35.092185
2.462250	14735.301884	34.852386
2.464051	14733.150340	34.613912
2.465852	14730.984816	34.376752
2.467653	14728.806692	34.140924
2.469453	14726.618218	33.906461
2.471254	14724.419074	33.673349
2.473055	14722.208910	33.441575
2.474856	14719.987376	33.211127
2.476657	14717.754122	32.981993
2.478457	14715.508797	32.754159
2.480258	14713.251052	32.527613
2.482059	14710.980536	32.302344
2.483860	14708.696899	32.078339
2.485661	14706.399791	31.855586
2.487461	14704.088862	31.634074
2.489262	14701.763761	31.413791
2.491063	14699.424139	31.194726
2.492864	14697.069645	30.976868
2.494665	14694.699929	30.760206
2.496465	14692.314641	30.544729
2.498266	14689.913432	30.330426
2.500067	14687.495949	30.117286
2.501868	14685.061844	29.905300
2.503669	14682.611389	29.694467
2.505469	14680.148252	29.484838
2.507270	14677.672700	29.276411
2.509071	14675.184259	29.069174
2.510872	14672.682454	28.863113
2.512673	14670.166808	28.658215
2.514473	14667.636846	28.454468
2.516274	14665.092094	28.251859
2.518075	14662.532076	28.050375
2.519876	14659.956317	27.850006
2.521677	14657.364340	27.650738
2.523477	14654.755672	27.452561
2.525278	14652.129836	27.255463
2.527079	14649.486358	27.059432
2.528880	14646.824761	26.864457
2.530681	14644.144572	26.670527
2.532481	14641.445313	26.477632
2.534282	14638.726511	26.285761
2.536083	14635.987690	26.094903
2.537884	14633.228452	25.905050
2.539685	14630.452700	25.716251
2.541485	14627.662345	25.528529
2.543286	14624.856730	25.341870
2.545087	14622.035199	25.156259
2.546888	14619.197092	24.971684
2.548689	14616.341754	24.788130
2.550489	14613.468528	24.605586
2.552290	14610.576754	24.424037
2.554091	14607.665778	24.243471
2.555892	14604.734940	24.063877
2.557693	14601.783584	23.885241
2.559493	14598.811052	23.707551
2.561294	14595.816688	23.530797
2.563095	14592.799834	23.354966
2.564896	14589.759832	23.180046
2.566697	14586.696026	23.006028
2.568497	14583.607757	22.832900
2.570298	14580.494370	22.660652
2.572099	14577.359282	22.489323
2.573900	14574.206771	22.318963
2.575701	14571.035919	22.149558
2.577502	14567.845795	21.981092
2.579302	14564.635467	21.813549
2.581103	14561.404002	21.646916
2.582904	14558.150470	21.481177
2.584705	14554.873938	21.316318
2.586506	14551.573474	21.152326
2.588306	14548.248146	20.989187
2.590107	14544.897023	20.826888
2.591908	14541.519172	20.665415
2.593709	14538.113661	20.504756
2.595510	14534.679559	20.344899
2.597310	14531.215933	20.185830
2.599111	14527.721853	20.027539
2.600912	14524.196384	19.870014
2.602713	14520.643560	19.713298
2.604514	14517.069503	19.557460
2.606314	14513.472921	19.402481
2.608115	14509.852458	19.248344
2.609916	14506.206754	19.095030
2.611717	14502.534454	18.942523
2.613518	14498.834199	18.790804
2.615318	14495.104632	18.639858
2.617119	14491.344394	18.489669
2.618920	14487.552130	18.340220
2.620721	14483.726481	18.191496
2.622522	14479.866089	18.043483
2.624322	14475.969597	17.896164
2.626123	14472.035648	17.749527
2.627924	14468.062883	17.603556
2.629725	14464.049967	17.458239
2.631526	14460.004760	17.313656
2.633326	14455.933040	17.169865
2.635127	14451.832773	17.026843
2.636928	14447.701926	16.884569
2.638729	14443.538464	16.743020
2.640530	14439.340354	16.602176
2.642330	14435.105563	16.462016
2.644131	14430.832055	16.322521
2.645932	14426.517798	16.183670
2.647733	14422.160757	16.045445
2.649534	14417.758899	15.907827
2.651334	14413.310189	15.770799
2.653135	14408.812595	15.634342
2.654936	14404.264082	15.498441
2.656737	14399.664789	15.363098
2.658538	14395.030074	15.228459
2.660338	14390.360758	15.094531
2.662139	14385.653675	14.961282
2.663940	14380.905657	14.828685
2.665741	14376.113539	14.696710
2.667542	14371.274154	14.565329
2.669342	14366.384335	14.434515
2.671143	14361.440917	14.304243
2.672944	14356.440733	14.174487
2.674745	14351.380616	14.045221
2.676546	14346.257400	13.916423
2.678346	14341.067919	13.788069
2.680147	14335.809046	13.660136
2.681948	14330.496255	13.532762
2.683749	14325.140512	13.406042
2.685550	14319.736682	13.279933
2.687350	14314.279628	13.154393
2.689151	14308.764215	13.029382
2.690952	14303.185305	12.904860
2.692753	14297.537762	12.780791
2.694554	14291.816451	12.657136
2.696354	14286.016236	12.533861
2.698155	14280.131978	12.410930
2.699956	14274.158544	12.288312
2.701757	14268.090796	12.165973
2.703558	14261.945566	12.044053
2.705358	14255.744764	11.922729
2.707159	14249.479765	11.801936
2.708960	14243.141792	11.681610
2.710761	14236.722071	11.561690
2.712562	14230.211826	11.442115
2.714362	14223.602280	11.322830
2.716163	14216.884660	11.203778
2.717964	14210.050188	11.084906
2.719765	14203.090090	10.966162
2.721566	14195.995751	10.847498
2.723366	14188.803238	10.729189
2.725167	14181.533973	10.611396
2.726968	14174.172003	10.494010
2.728769	14166.701378	10.376927
2.730570	14159.106147	10.260045
2.732370	14151.370359	10.143268
2.734171	14143.478063	10.026502
2.735972	14135.413308	9.909657
2.737773	14127.160142	9.792646
2.739574	14118.717059	9.675484
2.741374	14110.164375	9.558726
2.743175	14101.491234	9.442309
2.744976	14092.666281	9.326043
2.746777	14083.658162	9.209742
2.748578	14074.435525	9.093228
2.750378	14064.967014	8.976333
2.752179	14055.221278	8.858892
2.753980	14045.168516	8.740761
2.755781	14034.918187	8.622658
2.757582	14024.504490	8.504814
2.759382	14013.859208	8.386836
2.761183	14002.914122	8.268345
2.762984	13991.601013	8.148981
2.764785	13979.851664	8.028399
2.766586	13967.597857	7.906274
2.768386	13955.003620	7.783627
2.770187	13942.162111	7.661037
2.771988	13928.902962	7.537580
2.773789	13915.055806	7.412378
2.775590	13900.450273	7.284597
2.777390	13884.923416	7.153492
2.779191	13868.914305	7.021581
2.780992	13852.393519	6.888787
2.782793	13834.841388	6.752490
2.784594	13815.738245	6.610225
2.786394	13794.845038	6.461111
2.788195	13773.416695	6.311783
2.789996	13749.888940	6.154680
2.791797	13722.083050	5.979835
2.793598	13692.483573	5.800094
2.795398	13656.947044	5.596840
2.797199	13607.920790	5.340546
2.799000	13458.002177	4.663761
