1.000000	12373.042978	2382.406904
1.000478	12371.536564	2374.271339
1.000957	12370.029593	2366.164095
1.001435	12368.522059	2358.085067
1.001914	12367.013958	2350.034150
1.002392	12365.505283	2342.011243
1.002871	12363.996030	2334.016241
1.003349	12362.486193	2326.049041
1.003828	12360.975767	2318.109542
1.004306	12359.464746	2310.197641
1.004785	12357.953126	2302.313237
1.005263	12356.440902	2294.456230
1.005742	12354.928067	2286.626517
1.006220	12353.414616	2278.824000
1.006699	12351.900546	2271.048578
1.007177	12350.385849	2263.300151
1.007656	12348.870521	2255.578621
1.008134	12347.354557	2247.883890
1.008613	12345.837951	2240.215858
1.009091	12344.320697	2232.574428
1.009570	12342.802798	2224.959503
1.010048	12341.284336	2217.371001
1.010527	12339.765333	2209.808827
1.011005	12338.245784	2202.272880
1.011483	12336.725684	2194.763063
1.011962	12335.205027	2187.279277
1.012440	12333.683808	2179.821424
1.012919	12332.162021	2172.389407
1.013397	12330.639661	2164.983127
1.013876	12329.116722	2157.602489
1.014354	12327.593199	2150.247397
1.014833	12326.069086	2142.917753
1.015311	12324.544378	2135.613463
1.015790	12323.019070	2128.334431
1.016268	12321.493156	2121.080563
1.016747	12319.966630	2113.851765
1.017225	12318.439487	2106.647942
1.017704	12316.911721	2099.469000
1.018182	12315.383328	2092.314848
1.018661	12313.854301	2085.185391
1.019139	12312.324635	2078.080539
1.019618	12310.794325	2071.000198
1.020096	12309.263365	2063.944276
1.020575	12307.731750	2056.912684
1.021053	12306.199474	2049.905330
1.021532	12304.666531	2042.922123
1.022010	12303.132917	2035.962974
1.022488	12301.598626	2029.027793
1.022967	12300.063652	2022.116491
1.023445	12298.527990	2015.228978
1.023924	12296.991634	2008.365166
1.024402	12295.454579	2001.524967
1.024881	12293.916819	1994.708293
1.025359	12292.378350	1987.915057
1.025838	12290.839166	1981.145172
1.026316	12289.299340	1974.398597
1.026795	12287.758915	1967.675271
1.027273	12286.217885	1960.975105
1.027752	12284.676244	1954.298011
1.028230	12283.133987	1947.643898
1.028709	12281.591108	1941.012681
1.029187	12280.047600	1934.404269
1.029666	12278.503459	1927.818577
1.030144	12276.958679	1921.255518
1.030623	12275.413253	1914.715004
1.031101	12273.867176	1908.196949
1.031580	12272.320443	1901.701268
1.032058	12270.773047	1895.227875
1.032537	12269.224983	1888.776685
1.033015	12267.676245	1882.347614
1.033493	12266.126827	1875.940576
1.033972	12264.576724	1869.555489
1.034450	12263.025929	1863.192268
1.034929	12261.474437	1856.850830
1.035407	12259.922243	1850.531093
1.035886	12258.369340	1844.232974
1.036364	12256.815723	1837.956390
1.036843	12255.261386	1831.701260
1.037321	12253.706323	1825.467503
1.037800	12252.150529	1819.255037
1.038278	12250.593997	1813.063782
1.038757	12249.036722	1806.893657
1.039235	12247.478699	1800.744583
1.039714	12245.919921	1794.616479
1.040192	12244.360383	1788.509267
1.040671	12242.800078	1782.422867
1.041149	12241.239002	1776.357201
1.041628	12239.677149	1770.312190
1.042106	12238.114513	1764.287758
1.042585	12236.551170	1758.283847
1.043063	12234.987165	1752.300400
1.043542	12233.422494	1746.337342
1.044020	12231.857149	1740.394604
1.044498	12230.291124	1734.472112
1.044977	12228.724414	1728.569796
1.045455	12227.157012	1722.687585
1.045934	12225.588913	1716.825407
1.046412	12224.020109	1710.983193
1.046891	12222.450596	1705.160872
1.047369	12220.880366	1699.358374
1.047848	12219.309414	1693.575629
1.048326	12217.737734	1687.812568
1.048805	12216.165320	1682.069122
1.049283	12214.592164	1676.345222
1.049762	12213.018263	1670.640799
1.050240	12211.443608	1664.955784
1.050719	12209.868195	1659.290110
1.051197	12208.292017	1653.643709
1.051676	12206.715067	1648.016514
1.052154	12205.137341	1642.408455
1.052633	12203.558831	1636.819468
1.053111	12201.979532	1631.249484
1.053590	12200.399437	1625.698438
1.054068	12198.818541	1620.166263
1.054547	12197.236837	1614.652892
1.055025	12195.654319	1609.158260
1.055504	12194.070982	1603.682302
1.055982	12192.486818	1598.224952
1.056460	12190.901823	1592.786145
1.056939	12189.315989	1587.365816
1.057417	12187.729311	1581.963901
1.057896	12186.141782	1576.580334
1.058374	12184.553404	1571.215054
1.058853	12182.964272	1565.868001
1.059331	12181.374412	1560.539111
1.059810	12179.783818	1555.228318
1.060288	12178.192483	1549.935555
1.060767	12176.600402	1544.660757
1.061245	12175.007567	1539.403858
1.061724	12173.413972	1534.164793
1.062202	12171.819610	1528.943496
1.062681	12170.224476	1523.739902
1.063159	12168.628561	1518.553948
1.063638	12167.031861	1513.385569
1.064116	12165.434368	1508.234700
1.064595	12163.836075	1503.101278
1.065073	12162.236977	1497.985239
1.065552	12160.637066	1492.886521
1.066030	12159.036337	1487.805060
1.066509	12157.434782	1482.740794
1.066987	12155.832395	1477.693659
1.067465	12154.229170	1472.663594
1.067944	12152.625100	1467.650537
1.068422	12151.020178	1462.654427
1.068901	12149.414398	1457.675200
1.069379	12147.807754	1452.712798
1.069858	12146.200239	1447.767158
1.070336	12144.591846	1442.838220
1.070815	12142.982568	1437.925923
1.071293	12141.372400	1433.030207
1.071772	12139.761335	1428.151013
1.072250	12138.149366	1423.288280
1.072729	12136.536487	1418.441950
1.073207	12134.922691	1413.611962
1.073686	12133.307971	1408.798258
1.074164	12131.692322	1404.000780
1.074643	12130.075777	1399.219496
1.075121	12128.458435	1394.454415
1.075600	12126.840293	1389.705476
1.076078	12125.221344	1384.972614
1.076557	12123.601582	1380.255765
1.077035	12121.980999	1375.554866
1.077514	12120.359589	1370.869852
1.077992	12118.737344	1366.200661
1.078470	12117.114257	1361.547229
1.078949	12115.490322	1356.909494
1.079427	12113.865531	1352.287393
1.079906	12112.239878	1347.680865
1.080384	12110.613355	1343.089847
1.080863	12108.985956	1338.514279
1.081341	12107.357673	1333.954098
1.081820	12105.728500	1329.409244
1.082298	12104.098430	1324.879656
1.082777	12102.467455	1320.365275
1.083255	12100.835568	1315.866040
1.083734	12099.202764	1311.381891
1.084212	12097.569034	1306.912768
1.084691	12095.934371	1302.458614
1.085169	12094.298770	1298.019368
1.085648	12092.662222	1293.594973
1.086126	12091.024721	1289.185369
1.086605	12089.386259	1284.790499
1.087083	12087.746831	1280.410305
1.087562	12086.106428	1276.044730
1.088040	12084.465044	1271.693716
1.088519	12082.822671	1267.357206
1.088997	12081.179304	1263.035144
1.089475	12079.534934	1258.727472
1.089954	12077.889556	1254.434136
1.090432	12076.243176	1250.155084
1.090911	12074.595909	1245.890304
1.091389	12072.947772	1241.639756
1.091868	12071.298757	1237.403393
1.092346	12069.648858	1233.181169
1.092825	12067.998066	1228.973038
1.093303	12066.346373	1224.778952
1.093782	12064.693773	1220.598866
1.094260	12063.040258	1216.432734
1.094739	12061.385819	1212.280510
1.095217	12059.730450	1208.142148
1.095696	12058.074142	1204.017602
1.096174	12056.416889	1199.906828
1.096653	12054.758682	1195.809779
1.097131	12053.099514	1191.726411
1.097610	12051.439377	1187.656679
1.098088	12049.778265	1183.600538
1.098567	12048.116168	1179.557943
1.099045	12046.453080	1175.528851
1.099524	12044.788993	1171.513216
1.100002	12043.123900	1167.510994
1.100480	12041.457792	1163.522142
1.100959	12039.790662	1159.546615
1.101437	12038.122503	1155.584371
1.101916	12036.453307	1151.635364
1.102394	12034.783066	1147.699552
1.102873	12033.111773	1143.776892
1.103351	12031.439420	1139.867341
1.103830	12029.766000	1135.970854
1.104308	12028.091505	1132.087391
1.104787	12026.415927	1128.216908
1.105265	12024.739259	1124.359362
1.105744	12023.061493	1120.514711
1.106222	12021.382638	1116.682915
1.106701	12019.702815	1112.863953
1.107179	12018.022043	1109.057780
1.107658	12016.340316	1105.264348
1.108136	12014.657624	1101.483607
1.108615	12012.973959	1097.715510
1.109093	12011.289313	1093.960007
1.109572	12009.603678	1090.217052
1.110050	12007.917046	1086.486596
1.110529	12006.229407	1082.768592
1.111007	12004.540755	1079.062992
1.111485	12002.851080	1075.369750
1.111964	12001.160374	1071.688818
1.112442	11999.468630	1068.020149
1.112921	11997.775839	1064.363698
1.113399	11996.081992	1060.719419
1.113878	11994.387082	1057.087264
1.114356	11992.691100	1053.467188
1.114835	11990.994038	1049.859145
1.115313	11989.295887	1046.263091
1.115792	11987.596640	1042.678980
1.116270	11985.896288	1039.106766
1.116749	11984.194823	1035.546405
1.117227	11982.492236	1031.997853
1.117706	11980.788520	1028.461065
1.118184	11979.083665	1024.935996
1.118663	11977.377665	1021.422603
1.119141	11975.670510	1017.920842
1.119620	11973.962193	1014.430670
1.120098	11972.252704	1010.952042
1.120577	11970.542037	1007.484916
1.121055	11968.830182	1004.029249
1.121534	11967.117131	1000.584997
1.122012	11965.402929	997.152143
1.122490	11963.687695	993.730704
1.122969	11961.971426	990.320639
1.123447	11960.254113	986.921907
1.123926	11958.535747	983.534465
1.124404	11956.816320	980.158272
1.124883	11955.095821	976.793287
1.125361	11953.374243	973.439467
1.125840	11951.651575	970.096772
1.126318	11949.927810	966.765160
1.126797	11948.202938	963.444591
1.127275	11946.476949	960.135024
1.127754	11944.749836	956.836419
1.128232	11943.021590	953.548735
1.128711	11941.292200	950.271931
1.129189	11939.561658	947.005969
1.129668	11937.829956	943.750807
1.130146	11936.097084	940.506408
1.130625	11934.363033	937.272730
1.131103	11932.627794	934.049735
1.131582	11930.891358	930.837384
1.132060	11929.153717	927.635638
1.132539	11927.414861	924.444457
1.133017	11925.674781	921.263804
1.133495	11923.933468	918.093640
1.133974	11922.190913	914.933926
1.134452	11920.447108	911.784626
1.134931	11918.702043	908.645699
1.135409	11916.955709	905.517110
1.135888	11915.208098	902.398820
1.136366	11913.459199	899.290791
1.136845	11911.709006	896.192988
1.137323	11909.957526	893.105378
1.137802	11908.204902	890.027974
1.138280	11906.451157	886.960750
1.138759	11904.696281	883.903670
1.139237	11902.940264	880.856695
1.139716	11901.183097	877.819789
1.140194	11899.424768	874.792917
1.140673	11897.665268	871.776040
1.141151	11895.904587	868.769123
1.141630	11894.142716	865.772131
1.142108	11892.379644	862.785026
1.142587	11890.615360	859.807774
1.143065	11888.849856	856.840338
1.143544	11887.083122	853.882682
1.144022	11885.315146	850.934773
1.144501	11883.545920	847.996574
1.144979	11881.775433	845.068051
1.145457	11880.003675	842.149168
1.145936	11878.230637	839.239891
1.146414	11876.456308	836.340186
1.146893	11874.680678	833.450017
1.147371	11872.903738	830.569351
1.147850	11871.125477	827.698153
1.148328	11869.345886	824.836390
1.148807	11867.564954	821.984028
1.149285	11865.782671	819.141032
1.149764	11863.999028	816.307370
1.150242	11862.214015	813.483008
1.150721	11860.427621	810.667913
1.151199	11858.639837	807.862051
1.151678	11856.850652	805.065390
1.152156	11855.060058	802.277897
1.152635	11853.268070	799.499548
1.153113	11851.474847	796.730359
1.153592	11849.680404	793.970307
1.154070	11847.884730	791.219356
1.154549	11846.087815	788.477473
1.155027	11844.289647	785.744624
1.155506	11842.490216	783.020776
1.155984	11840.689509	780.305895
1.156462	11838.887517	777.599949
1.156941	11837.084228	774.902903
1.157419	11835.279630	772.214725
1.157898	11833.473714	769.535382
1.158376	11831.666467	766.864842
1.158855	11829.857880	764.203073
1.159333	11828.047939	761.550041
1.159812	11826.236636	758.905714
1.160290	11824.423958	756.270062
1.160769	11822.609894	753.643051
1.161247	11820.794434	751.024650
1.161726	11818.977566	748.414827
1.162204	11817.159279	745.813551
1.162683	11815.339563	743.220791
1.163161	11813.518405	740.636515
1.163640	11811.695796	738.060692
1.164118	11809.871724	735.493292
1.164597	11808.046177	732.934284
1.165075	11806.219145	730.383636
1.165554	11804.390617	727.841319
1.166032	11802.560582	725.307303
1.166511	11800.729028	722.781556
1.166989	11798.895945	720.264049
1.167467	11797.061322	717.754752
1.167946	11795.225266	715.253674
1.168424	11793.387890	712.760822
1.168903	11791.549181	710.276167
1.169381	11789.709127	707.799676
1.169860	11787.867716	705.331319
1.170338	11786.024935	702.871067
1.170817	11784.180772	700.418888
1.171295	11782.335216	697.974752
1.171774	11780.488252	695.538628
1.172252	11778.639870	693.110488
1.172731	11776.790058	690.690301
1.173209	11774.938801	688.278037
1.173688	11773.086090	685.873667
1.174166	11771.231910	683.477161
1.174645	11769.376250	681.088491
1.175123	11767.519098	678.707626
1.175602	11765.660441	676.334538
1.176080	11763.800268	673.969198
1.176559	11761.938564	671.611578
1.177037	11760.075320	669.261648
1.177516	11758.210522	666.919380
1.177994	11756.344157	664.584746
1.178472	11754.476214	662.257717
1.178951	11752.606681	659.938266
1.179429	11750.735544	657.626365
1.179908	11748.862792	655.321984
1.180386	11746.988413	653.025098
1.180865	11745.112394	650.735679
1.181343	11743.234723	648.453698
1.181822	11741.355388	646.179129
1.182300	11739.474376	643.911944
1.182779	11737.591792	641.652150
1.183257	11735.707773	639.399763
1.183736	11733.822305	637.154756
1.184214	11731.935376	634.917100
1.184693	11730.046970	632.686768
1.185171	11728.157074	630.463733
1.185650	11726.265675	628.247968
1.186128	11724.372758	626.039446
1.186607	11722.478310	623.838138
1.187085	11720.582317	621.644020
1.187564	11718.684764	619.457063
1.188042	11716.785639	617.277242
1.188521	11714.884927	615.104530
1.188999	11712.982615	612.938900
1.189477	11711.078688	610.780326
1.189956	11709.173133	608.628783
1.190434	11707.265936	606.484244
1.190913	11705.357083	604.346683
1.191391	11703.446561	602.216075
1.191870	11701.534355	600.092394
1.192348	11699.620452	597.975615
1.192827	11697.704837	595.865711
1.193305	11695.787498	593.762659
1.193784	11693.868420	591.666432
1.194262	11691.947589	589.577007
1.194741	11690.024992	587.494357
1.195219	11688.100614	585.418458
1.195698	11686.174442	583.349286
1.196176	11684.246463	581.286815
1.196655	11682.316661	579.231022
1.197133	11680.385043	577.181887
1.197612	11678.451812	575.139444
1.198090	11676.517012	573.103682
1.198569	11674.580627	571.074576
1.199047	11672.642643	569.052100
1.199526	11670.703044	567.036230
1.200004	11668.761813	565.026939
1.200482	11666.818936	563.024204
1.200961	11664.874397	561.027998
1.201439	11662.928181	559.038298
1.201918	11660.980271	557.055078
1.202396	11659.030652	555.078313
1.202875	11657.079309	553.107980
1.203353	11655.126226	551.144054
1.203832	11653.171387	549.186510
1.204310	11651.214777	547.235324
1.204789	11649.256381	545.290474
1.205267	11647.296182	543.351933
1.205746	11645.334166	541.419680
1.206224	11643.370316	539.493690
1.206703	11641.404617	537.573939
1.207181	11639.437053	535.660405
1.207660	11637.467610	533.753063
1.208138	11635.496270	531.851891
1.208617	11633.523020	529.956866
1.209095	11631.547842	528.067964
1.209574	11629.570722	526.185164
1.210052	11627.591644	524.308441
1.210531	11625.610593	522.437774
1.211009	11623.627552	520.573140
1.211487	11621.642522	518.714520
1.211966	11619.655719	516.861953
1.212444	11617.667208	515.015435
1.212923	11615.676971	513.174944
1.213401	11613.684991	511.340455
1.213880	11611.691249	509.511945
1.214358	11609.695727	507.689391
1.214837	11607.698409	505.872770
1.215315	11605.699277	504.062057
1.215794	11603.698312	502.257232
1.216272	11601.695497	500.458270
1.216751	11599.690814	498.665148
1.217229	11597.684246	496.877845
1.217708	11595.675775	495.096338
1.218186	11593.665382	493.320604
1.218665	11591.653052	491.550621
1.219143	11589.638765	489.786367
1.219622	11587.622504	488.027819
1.220100	11585.604251	486.274957
1.220579	11583.583989	484.527758
1.221057	11581.561700	482.786200
1.221536	11579.537366	481.050261
1.222014	11577.510969	479.319922
1.222492	11575.482492	477.595159
1.222971	11573.451918	475.875951
1.223449	11571.419227	474.162278
1.223928	11569.384403	472.454119
1.224406	11567.347429	470.751452
1.224885	11565.308285	469.054257
1.225363	11563.266955	467.362513
1.225842	11561.223532	465.676225
1.226320	11559.178246	463.995429
1.226799	11557.131084	462.320106
1.227277	11555.082027	460.650235
1.227756	11553.031055	458.985794
1.228234	11550.978147	457.326762
1.228713	11548.923283	455.673119
1.229191	11546.866443	454.024843
1.229670	11544.807607	452.381913
1.230148	11542.746755	450.744310
1.230627	11540.683866	449.112012
1.231105	11538.618920	447.484999
1.231584	11536.551898	445.863251
1.232062	11534.482779	444.246747
1.232541	11532.411542	442.635468
1.233019	11530.338168	441.029393
1.233497	11528.262637	439.428503
1.233976	11526.184928	437.832778
1.234454	11524.105021	436.242197
1.234933	11522.022897	434.656742
1.235411	11519.938534	433.076393
1.235890	11517.851912	431.501131
1.236368	11515.763013	429.930936
1.236847	11513.671814	428.365789
1.237325	11511.578297	426.805671
1.237804	11509.482441	425.250563
1.238282	11507.384226	423.700446
1.238761	11505.283631	422.155302
1.239239	11503.180637	420.615111
1.239718	11501.075367	419.079888
1.240196	11498.968063	417.549669
1.240675	11496.858706	416.024435
1.241153	11494.747275	414.504167
1.241632	11492.633746	412.988842
1.242110	11490.518096	411.478441
1.242589	11488.400301	409.972944
1.243067	11486.280339	408.472330
1.243546	11484.158185	406.976579
1.244024	11482.033818	405.485670
1.244503	11479.907213	403.999586
1.244981	11477.778348	402.518304
1.245459	11475.647198	401.041806
1.245938	11473.513742	399.570073
1.246416	11471.377956	398.103084
1.246895	11469.239816	396.640821
1.247373	11467.099299	395.183264
1.247852	11464.956383	393.730394
1.248330	11462.811044	392.282193
1.248809	11460.663258	390.838641
1.249287	11458.513003	389.399719
1.249766	11456.360255	387.965410
1.250244	11454.204991	386.535694
1.250723	11452.047188	385.110552
1.251201	11449.886822	383.689968
1.251680	11447.723871	382.273922
1.252158	11445.558312	380.862396
1.252637	11443.390120	379.455373
1.253115	11441.219328	378.052846
1.253594	11439.046261	376.654872
1.254072	11436.870953	375.261447
1.254551	11434.693377	373.872551
1.255029	11432.513508	372.488164
1.255508	11430.331317	371.108267
1.255986	11428.146780	369.732841
1.256464	11425.959867	368.361868
1.256943	11423.770554	366.995328
1.257421	11421.578814	365.633203
1.257900	11419.384618	364.275474
1.258378	11417.187942	362.922123
1.258857	11414.988758	361.573132
1.259335	11412.787039	360.228482
1.259814	11410.582759	358.888156
1.260292	11408.375891	357.552134
1.260771	11406.166409	356.220400
1.261249	11403.954285	354.892936
1.261728	11401.739493	353.569723
1.262206	11399.522005	352.250745
1.262685	11397.301797	350.935983
1.263163	11395.078840	349.625422
1.263642	11392.853108	348.319042
1.264120	11390.624575	347.016827
1.264599	11388.393213	345.718761
1.265077	11386.158996	344.424825
1.265556	11383.921897	343.135004
1.266034	11381.681889	341.849281
1.266513	11379.439102	340.567667
1.266991	11377.193865	339.290211
1.267469	11374.946160	338.016897
1.267948	11372.695956	336.747709
1.268426	11370.443222	335.482630
1.268905	11368.187926	334.221641
1.269383	11365.930037	332.964728
1.269862	11363.669524	331.711872
1.270340	11361.406355	330.463056
1.270819	11359.140500	329.218265
1.271297	11356.871926	327.977482
1.271776	11354.600604	326.740690
1.272254	11352.326500	325.507872
1.272733	11350.049585	324.279014
1.273211	11347.769826	323.054098
1.273690	11345.487193	321.833108
1.274168	11343.201655	320.616029
1.274647	11340.913179	319.402844
1.275125	11338.621735	318.193539
1.275604	11336.327291	316.988097
1.276082	11334.029817	315.786502
1.276561	11331.729280	314.588740
1.277039	11329.425650	313.394795
1.277518	11327.118895	312.204652
1.277996	11324.808984	311.018295
1.278474	11322.495886	309.835709
1.278953	11320.179569	308.656880
1.279431	11317.860153	307.481819
1.279910	11315.538030	306.310581
1.280388	11313.213187	305.143155
1.280867	11310.885590	303.979521
1.281345	11308.555201	302.819662
1.281824	11306.221985	301.663561
1.282302	11303.885903	300.511200
1.282781	11301.546921	299.362563
1.283259	11299.205002	298.217632
1.283738	11296.860109	297.076389
1.284216	11294.512206	295.938819
1.284695	11292.161256	294.804904
1.285173	11289.807223	293.674627
1.285652	11287.450070	292.547973
1.286130	11285.089762	291.424924
1.286609	11282.726261	290.305464
1.287087	11280.359531	289.189578
1.287566	11277.989536	288.077248
1.288044	11275.616240	286.968459
1.288523	11273.239605	285.863196
1.289001	11270.859595	284.761442
1.289479	11268.476175	283.663181
1.289958	11266.089307	282.568399
1.290436	11263.698955	281.477079
1.290915	11261.305082	280.389207
1.291393	11258.907653	279.304767
1.291872	11256.506668	278.223750
1.292350	11254.102585	277.146225
1.292829	11251.695515	276.072201
1.293307	11249.285416	275.001661
1.293786	11246.872244	273.934588
1.294264	11244.455956	272.870966
1.294743	11242.036510	271.810778
1.295221	11239.613862	270.754009
1.295700	11237.187969	269.700641
1.296178	11234.758789	268.650660
1.296657	11232.326279	267.604049
1.297135	11229.890394	266.560791
1.297614	11227.451094	265.520872
1.298092	11225.008334	264.484276
1.298571	11222.562071	263.450988
1.299049	11220.112263	262.420991
1.299528	11217.658867	261.394272
1.300006	11215.201839	260.370813
1.300484	11212.741137	259.350602
1.300963	11210.276717	258.333622
1.301441	11207.808537	257.319859
1.301920	11205.336554	256.309299
1.302398	11202.860725	255.301926
1.302877	11200.381006	254.297726
1.303355	11197.897355	253.296685
1.303834	11195.409729	252.298789
1.304312	11192.918258	251.304049
1.304791	11190.423467	250.312535
1.305269	11187.925351	249.324240
1.305748	11185.423858	248.339145
1.306226	11182.918938	247.357235
1.306705	11180.410539	246.378495
1.307183	11177.898610	245.402908
1.307662	11175.383100	244.430460
1.308140	11172.863959	243.461133
1.308619	11170.341134	242.494913
1.309097	11167.814576	241.531785
1.309576	11165.284232	240.571734
1.310054	11162.750053	239.614744
1.310533	11160.211986	238.660800
1.311011	11157.669982	237.709888
1.311489	11155.123988	236.761993
1.311968	11152.573954	235.817100
1.312446	11150.019829	234.875196
1.312925	11147.461561	233.936264
1.313403	11144.899100	233.000293
1.313882	11142.332395	232.067266
1.314360	11139.761394	231.137171
1.314839	11137.186047	230.209993
1.315317	11134.606302	229.285718
1.315796	11132.022109	228.364334
1.316274	11129.433658	227.445859
1.316753	11126.841532	226.530368
1.317231	11124.245704	225.617849
1.317710	11121.646111	224.708286
1.318188	11119.042694	223.801662
1.318667	11116.435391	222.897962
1.319145	11113.824141	221.997170
1.319624	11111.208884	221.099269
1.320102	11108.589557	220.204246
1.320581	11105.966100	219.312083
1.321059	11103.338452	218.422766
1.321538	11100.706551	217.536280
1.322016	11098.070338	216.652610
1.322494	11095.429750	215.771740
1.322973	11092.784726	214.893657
1.323451	11090.135206	214.018344
1.323930	11087.481129	213.145789
1.324408	11084.822433	212.275976
1.324887	11082.159057	211.408891
1.325365	11079.490940	210.544520
1.325844	11076.818022	209.682849
1.326322	11074.140240	208.823864
1.326801	11071.457535	207.967552
1.327279	11068.769844	207.113898
1.327758	11066.077269	206.262911
1.328236	11063.380538	205.414677
1.328715	11060.679686	204.569196
1.329193	11057.974638	203.726450
1.329672	11055.265321	202.886424
1.330150	11052.551662	202.049102
1.330629	11049.833587	201.214468
1.331107	11047.111022	200.382507
1.331586	11044.383894	199.553202
1.332064	11041.652129	198.726539
1.332543	11038.915654	197.902503
1.333021	11036.174395	197.081079
1.333499	11033.428279	196.262251
1.333978	11030.677231	195.446005
1.334456	11027.921179	194.632326
1.334935	11025.160049	193.821201
1.335413	11022.393767	193.012614
1.335892	11019.622260	192.206551
1.336370	11016.845453	191.402999
1.336849	11014.063275	190.601943
1.337327	11011.275650	189.803370
1.337806	11008.482506	189.007266
1.338284	11005.683768	188.213618
1.338763	11002.879379	187.422413
1.339241	11000.070049	186.633731
1.339720	10997.256135	185.847609
1.340198	10994.437549	185.064030
1.340677	10991.614200	184.282977
1.341155	10988.785998	183.504435
1.341634	10985.952855	182.728387
1.342112	10983.114679	181.954819
1.342591	10980.271383	181.183713
1.343069	10977.422875	180.415055
1.343548	10974.569066	179.648830
1.344026	10971.709867	178.885022
1.344505	10968.845188	178.123617
1.344983	10965.974939	177.364599
1.345461	10963.099031	176.607953
1.345940	10960.217373	175.853666
1.346418	10957.329876	175.101723
1.346897	10954.436451	174.352109
1.347375	10951.537007	173.604811
1.347854	10948.631456	172.859814
1.348332	10945.719707	172.117105
1.348811	10942.801670	171.376670
1.349289	10939.877257	170.638496
1.349768	10936.946608	169.902595
1.350246	10934.010723	169.169073
1.350725	10931.069635	168.437928
1.351203	10928.123233	167.709144
1.351682	10925.171406	166.982702
1.352160	10922.214046	166.258586
1.352639	10919.251042	165.536779
1.353117	10916.282284	164.817264
1.353596	10913.307662	164.100025
1.354074	10910.327065	163.385044
1.354553	10907.340385	162.672307
1.355031	10904.347510	161.961797
1.355510	10901.348331	161.253499
1.355988	10898.342737	160.547396
1.356466	10895.330620	159.843473
1.356945	10892.311867	159.141715
1.357423	10889.286371	158.442108
1.357902	10886.254020	157.744635
1.358380	10883.214704	157.049283
1.358859	10880.168314	156.356036
1.359337	10877.114739	155.664880
1.359816	10874.053870	154.975802
1.360294	10870.986139	154.288842
1.360773	10867.912583	153.604101
1.361251	10864.833104	152.921566
1.361730	10861.747567	152.241220
1.362208	10858.655833	151.563044
1.362687	10855.557768	150.887022
1.363165	10852.453236	150.213137
1.363644	10849.342100	149.541371
1.364122	10846.224223	148.871710
1.364601	10843.099471	148.204135
1.365079	10839.967706	147.538632
1.365558	10836.828792	146.875184
1.366036	10833.682594	146.213775
1.366515	10830.528975	145.554390
1.366993	10827.367799	144.897013
1.367471	10824.198930	144.241630
1.367950	10821.022231	143.588225
1.368428	10817.837567	142.936783
1.368907	10814.644800	142.287291
1.369385	10811.443796	141.639733
1.369864	10808.234418	140.994095
1.370342	10805.017302	140.350437
1.370821	10801.793582	139.708862
1.371299	10798.563108	139.069354
1.371778	10795.325709	138.431890
1.372256	10792.081214	137.796453
1.372735	10788.829452	137.163022
1.373213	10785.570252	136.531578
1.373692	10782.303445	135.902102
1.374170	10779.028857	135.274575
1.374649	10775.746320	134.648979
1.375127	10772.455662	134.025296
1.375606	10769.156711	133.403507
1.376084	10765.849298	132.783594
1.376563	10762.533252	132.165541
1.377041	10759.208401	131.549329
1.377520	10755.874575	130.934943
1.377998	10752.531602	130.322364
1.378476	10749.179313	129.711576
1.378955	10745.817535	129.102563
1.379433	10742.446099	128.495309
1.379912	10739.065622	127.889867
1.380390	10735.677582	127.286363
1.380869	10732.281816	126.684783
1.381347	10728.878110	126.085105
1.381826	10725.466245	125.487309
1.382304	10722.046006	124.891376
1.382783	10718.617177	124.297284
1.383261	10715.179539	123.705016
1.383740	10711.732878	123.114552
1.384218	10708.276976	122.525872
1.384697	10704.811617	121.938959
1.385175	10701.336585	121.353794
1.385654	10697.851662	120.770359
1.386132	10694.356633	120.188636
1.386611	10690.851280	119.608608
1.387089	10687.335388	119.030256
1.387568	10683.808739	118.453566
1.388046	10680.271118	117.878518
1.388525	10676.722307	117.305098
1.389003	10673.162640	116.733334
1.389481	10669.594145	116.163391
1.389960	10666.016792	115.595265
1.390438	10662.430305	115.028931
1.390917	10658.834405	114.464362
1.391395	10655.228814	113.901536
1.391874	10651.613256	113.340428
1.392352	10647.987451	112.781014
1.392831	10644.351124	112.223271
1.393309	10640.703995	111.667176
1.393788	10637.045787	111.112706
1.394266	10633.376223	110.559839
1.394745	10629.695024	110.008554
1.395223	10626.001913	109.458827
1.395702	10622.296612	108.910640
1.396180	10618.578844	108.363969
1.396659	10614.848330	107.818796
1.397137	10611.104794	107.275099
1.397616	10607.348123	106.732872
1.398094	10603.580702	106.192294
1.398573	10599.803110	105.653409
1.399051	10596.014987	105.116191
1.399530	10592.215968	104.580614
1.400008	10588.405693	104.046653
1.400486	10584.583798	103.514282
1.400965	10580.749920	102.983477
1.401443	10576.903698	102.454214
1.401922	10573.044769	101.926468
1.402400	10569.172770	101.400218
1.402879	10565.287339	100.875439
1.403357	10561.388114	100.352109
1.403836	10557.474731	99.830206
1.404314	10553.546829	99.309708
1.404793	10549.604045	98.790594
1.405271	10545.646016	98.272843
1.405750	10541.672381	97.756434
1.406228	10537.684674	97.241479
1.406707	10533.685235	96.728142
1.407185	10529.673608	96.216390
1.407664	10525.649317	95.706188
1.408142	10521.611883	95.197505
1.408621	10517.560829	94.690307
1.409099	10513.495677	94.184563
1.409578	10509.415949	93.680241
1.410056	10505.321167	93.177311
1.410535	10501.210855	92.675741
1.411013	10497.084533	92.175503
1.411491	10492.941724	91.676566
1.411970	10488.781951	91.178903
1.412448	10484.604735	90.682486
1.412927	10480.409599	90.187287
1.413405	10476.196066	89.693278
1.413884	10471.964181	89.200468
1.414362	10467.717830	88.709115
1.414841	10463.457373	88.219246
1.415319	10459.182169	87.730821
1.415798	10454.891571	87.243804
1.416276	10450.584938	86.758156
1.416755	10446.261624	86.273841
1.417233	10441.920985	85.790825
1.417712	10437.562378	85.309070
1.418190	10433.185159	84.828544
1.418669	10428.788683	84.349212
1.419147	10424.372307	83.871042
1.419626	10419.935387	83.394001
1.420104	10415.477278	82.918057
1.420583	10410.997336	82.443181
1.421061	10406.494919	81.969340
1.421540	10401.972237	81.496678
1.422018	10397.433155	81.025430
1.422496	10392.876858	80.555552
1.422975	10388.302462	80.086992
1.423453	10383.709084	79.619704
1.423932	10379.095843	79.153640
1.424410	10374.461854	78.688752
1.424889	10369.806236	78.224997
1.425367	10365.128106	77.762328
1.425846	10360.426581	77.300703
1.426324	10355.700779	76.840079
1.426803	10350.949816	76.380415
1.427281	10346.172810	75.921669
1.427760	10341.368879	75.463803
1.428238	10336.537460	75.006794
1.428717	10331.684403	74.550989
1.429195	10326.811258	74.096482
1.429674	10321.916788	73.643207
1.430152	10316.999760	73.191102
1.430631	10312.058939	72.740104
1.431109	10307.093089	72.290153
1.431588	10302.100976	71.841188
1.432066	10297.081364	71.393153
1.432545	10292.033019	70.945990
1.433023	10286.954707	70.499643
1.433502	10281.845191	70.054060
1.433980	10276.703238	69.609186
1.434458	10271.527612	69.164971
1.434937	10266.319311	68.721481
1.435415	10261.086558	68.279162
1.435894	10255.828717	67.837988
1.436372	10250.544014	67.397880
1.436851	10245.230678	66.958756
1.437329	10239.886936	66.520540
1.437808	10234.511015	66.083155
1.438286	10229.101143	65.646526
1.438765	10223.655546	65.210582
1.439243	10218.172452	64.775252
1.439722	10212.650089	64.340467
1.440200	10207.086683	63.906160
1.440679	10201.480462	63.472266
1.441157	10195.836251	63.039043
1.441636	10190.162576	62.606921
1.442114	10184.456975	62.175792
1.442593	10178.716827	61.745541
1.443071	10172.939512	61.316057
1.443550	10167.122408	60.887232
1.444028	10161.262896	60.458960
1.444507	10155.358355	60.031138
1.444985	10149.406164	59.603666
1.445463	10143.403702	59.176446
1.445942	10137.348349	58.749384
1.446420	10131.237620	58.322394
1.446899	10125.083235	57.896050
1.447377	10118.891249	57.470651
1.447856	10112.657663	57.046030
1.448334	10106.378479	56.622021
1.448813	10100.049698	56.198465
1.449291	10093.667323	55.775207
1.449770	10087.227355	55.352095
1.450248	10080.725796	54.928982
1.450727	10074.158646	54.505726
1.451205	10067.521909	54.082189
1.451684	10060.813172	53.658304
1.452162	10054.052621	53.234980
1.452641	10047.242643	52.812347
1.453119	10040.376897	52.390165
1.453598	10033.449041	51.968199
1.454076	10026.452733	51.546222
1.454555	10019.381632	51.124011
1.455033	10012.229396	50.701354
1.455512	10004.989684	50.278043
1.455990	9997.656154	49.853877
1.456468	9990.227859	49.428880
1.456947	9982.735404	49.004339
1.457425	9975.175994	48.580173
1.457904	9967.539091	48.156001
1.458382	9959.814158	47.731450
1.458861	9951.990657	47.306161
1.459339	9944.058051	46.879786
1.459818	9936.005801	46.451988
1.460296	9927.823370	46.022444
1.460775	9919.513265	45.591337
1.461253	9911.120172	45.160442
1.461732	9902.632853	44.729387
1.462210	9894.032757	44.297539
1.462689	9885.301333	43.864288
1.463167	9876.420028	43.429043
1.463646	9867.370290	42.991237
1.464124	9858.133568	42.550322
1.464603	9848.718292	42.106736
1.465081	9839.190542	41.662944
1.465560	9829.523276	41.218075
1.466038	9819.681463	40.771009
1.466517	9809.630072	40.320668
1.466995	9799.334073	39.866018
1.467473	9788.758434	39.406069
1.467952	9777.919365	38.941595
1.468430	9766.920301	38.476245
1.468909	9755.700116	38.008115
1.469387	9744.186247	37.535002
1.469866	9732.306130	37.054801
1.470344	9719.987202	36.565501
1.470823	9707.249057	36.068120
1.471301	9694.270341	35.568647
1.471780	9680.905234	35.062740
1.472258	9666.983701	34.545514
1.472737	9652.335710	34.012335
1.473215	9636.949647	33.463546
1.473694	9621.176953	32.910236
1.474172	9604.621216	32.341349
1.474651	9586.807404	31.744220
1.475129	9567.514579	31.114179
1.475608	9547.545255	30.475342
1.476086	9525.545625	29.791274
1.476565	9500.096102	29.026476
1.477043	9473.373261	28.243335
1.477522	9438.234776	27.260744
1.478000	9398.414576	26.193355
