1.000000	13447.070503	4547.137345
1.001145	13446.266769	4517.808236
1.002290	13445.463410	4488.690042
1.003435	13444.660399	4459.781082
1.004581	13443.857711	4431.079691
1.005726	13443.055321	4402.584217
1.006871	13442.253204	4374.293023
1.008016	13441.451335	4346.204488
1.009161	13440.649689	4318.317002
1.010306	13439.848239	4290.628974
1.011451	13439.046961	4263.138823
1.012597	13438.245830	4235.844984
1.013742	13437.444820	4208.745905
1.014887	13436.643906	4181.840049
1.016032	13435.843063	4155.125889
1.017177	13435.042266	4128.601917
1.018322	13434.241488	4102.266633
1.019467	13433.440706	4076.118553
1.020613	13432.639894	4050.156206
1.021758	13431.839030	4024.378128
1.022903	13431.038338	3998.782569
1.024048	13430.237947	3973.367912
1.025193	13429.437832	3948.132735
1.026338	13428.637972	3923.075631
1.027483	13427.838342	3898.195204
1.028629	13427.038921	3873.490070
1.029774	13426.239684	3848.958856
1.030919	13425.440610	3824.600205
1.032064	13424.641675	3800.412767
1.033209	13423.842856	3776.395207
1.034354	13423.044130	3752.546201
1.035499	13422.245475	3728.864435
1.036645	13421.446867	3705.348609
1.037790	13420.648284	3681.997432
1.038935	13419.849702	3658.809625
1.040080	13419.051098	3635.783922
1.041225	13418.252450	3612.919064
1.042370	13417.453735	3590.213807
1.043516	13416.654930	3567.666915
1.044661	13415.856011	3545.277164
1.045806	13415.056955	3523.043340
1.046951	13414.257741	3500.964239
1.048096	13413.458344	3479.038670
1.049241	13412.658743	3457.265449
1.050386	13411.858913	3435.643403
1.051532	13411.058975	3414.171233
1.052677	13410.259135	3392.847570
1.053822	13409.459373	3371.671272
1.054967	13408.659670	3350.641209
1.056112	13407.860003	3329.756263
1.057257	13407.060353	3309.015322
1.058402	13406.260697	3288.417288
1.059548	13405.461016	3267.961068
1.060693	13404.661287	3247.645582
1.061838	13403.861491	3227.469756
1.062983	13403.061605	3207.432527
1.064128	13402.261609	3187.532841
1.065273	13401.461482	3167.769653
1.066418	13400.661203	3148.141925
1.067564	13399.860751	3128.648631
1.068709	13399.060105	3109.288751
1.069854	13398.259243	3090.061274
1.070999	13397.458145	3070.965200
1.072144	13396.656790	3051.999535
1.073289	13395.855157	3033.163294
1.074434	13395.053224	3014.455500
1.075580	13394.250971	2995.875184
1.076725	13393.448377	2977.421387
1.077870	13392.645420	2959.093157
1.079015	13391.842080	2940.889549
1.080160	13391.038352	2922.809610
1.081305	13390.234464	2904.852180
1.082450	13389.430478	2887.016268
1.083596	13388.626374	2869.300968
1.084741	13387.822132	2851.705383
1.085886	13387.017734	2834.228622
1.087031	13386.213159	2816.869802
1.088176	13385.408390	2799.628047
1.089321	13384.603406	2782.502488
1.090466	13383.798188	2765.492264
1.091612	13382.992716	2748.596521
1.092757	13382.186972	2731.814412
1.093902	13381.380936	2715.145095
1.095047	13380.574589	2698.587739
1.096192	13379.767911	2682.141516
1.097337	13378.960883	2665.805607
1.098482	13378.153485	2649.579198
1.099628	13377.345699	2633.461484
1.100773	13376.537505	2617.451664
1.101918	13375.728884	2601.548946
1.103063	13374.919816	2585.752543
1.104208	13374.110282	2570.061674
1.105353	13373.300263	2554.475566
1.106498	13372.489739	2538.993451
1.107644	13371.678691	2523.614568
1.108789	13370.867099	2508.338162
1.109934	13370.054982	2493.163454
1.111079	13369.242564	2478.089507
1.112224	13368.429870	2463.115546
1.113369	13367.616882	2448.240839
1.114515	13366.803582	2433.464658
1.115660	13365.989952	2418.786282
1.116805	13365.175974	2404.204996
1.117950	13364.361630	2389.720089
1.119095	13363.546901	2375.330859
1.120240	13362.731770	2361.036608
1.121385	13361.916219	2346.836642
1.122531	13361.100229	2332.730276
1.123676	13360.283783	2318.716828
1.124821	13359.466862	2304.795622
1.125966	13358.649448	2290.965990
1.127111	13357.831523	2277.227265
1.128256	13357.013069	2263.578789
1.129401	13356.194069	2250.019909
1.130547	13355.374503	2236.549974
1.131692	13354.554354	2223.168343
1.132837	13353.733604	2209.874377
1.133982	13352.912234	2196.667443
1.135127	13352.090227	2183.546912
1.136272	13351.267564	2170.512163
1.137417	13350.444228	2157.562577
1.138563	13349.620200	2144.697542
1.139708	13348.795487	2131.916436
1.140853	13347.970296	2119.218537
1.141998	13347.144668	2106.603216
1.143143	13346.318584	2094.069880
1.144288	13345.492028	2081.617941
1.145433	13344.664983	2069.246814
1.146579	13343.837432	2056.955921
1.147724	13343.009357	2044.744686
1.148869	13342.180742	2032.612540
1.150014	13341.351570	2020.558918
1.151159	13340.521824	2008.583258
1.152304	13339.691487	1996.685004
1.153449	13338.860541	1984.863603
1.154595	13338.028971	1973.118510
1.155740	13337.196758	1961.449179
1.156885	13336.363886	1949.855073
1.158030	13335.530338	1938.335656
1.159175	13334.696097	1926.890399
1.160320	13333.861146	1915.518775
1.161465	13333.025468	1904.220262
1.162611	13332.189046	1892.994343
1.163756	13331.351863	1881.840503
1.164901	13330.513901	1870.758233
1.166046	13329.675145	1859.747027
1.167191	13328.835577	1848.806383
1.168336	13327.995180	1837.935805
1.169481	13327.153938	1827.134796
1.170627	13326.312007	1816.402777
1.171772	13325.469489	1805.739200
1.172917	13324.626368	1795.143589
1.174062	13323.782628	1784.615470
1.175207	13322.938253	1774.154375
1.176352	13322.093226	1763.759836
1.177497	13321.247531	1753.431391
1.178643	13320.401152	1743.168583
1.179788	13319.554072	1732.970954
1.180933	13318.706276	1722.838054
1.182078	13317.857747	1712.769435
1.183223	13317.008468	1702.764651
1.184368	13316.158424	1692.823260
1.185514	13315.307598	1682.944826
1.186659	13314.455974	1673.128913
1.187804	13313.603536	1663.375089
1.188949	13312.750267	1653.682928
1.190094	13311.896151	1644.052003
1.191239	13311.041172	1634.481894
1.192384	13310.185314	1624.972182
1.193530	13309.328560	1615.522452
1.194675	13308.470894	1606.132293
1.195820	13307.612300	1596.801295
1.196965	13306.752762	1587.529053
1.198110	13305.892263	1578.315164
1.199255	13305.030787	1569.159228
1.200400	13304.168370	1560.060825
1.201546	13303.305206	1551.019460
1.202691	13302.441300	1542.034731
1.203836	13301.576636	1533.106249
1.204981	13300.711199	1524.233627
1.206126	13299.844973	1515.416482
1.207271	13298.977943	1506.654433
1.208416	13298.110092	1497.947103
1.209562	13297.241406	1489.294117
1.210707	13296.371867	1480.695103
1.211852	13295.501462	1472.149692
1.212997	13294.630173	1463.657518
1.214142	13293.757985	1455.218217
1.215287	13292.884883	1446.831430
1.216432	13292.010850	1438.496797
1.217578	13291.135872	1430.213965
1.218723	13290.259932	1421.982579
1.219868	13289.383014	1413.802291
1.221013	13288.505104	1405.672754
1.222158	13287.626185	1397.593623
1.223303	13286.746241	1389.564556
1.224448	13285.865258	1381.585213
1.225594	13284.983218	1373.655258
1.226739	13284.100107	1365.774357
1.227884	13283.215909	1357.942179
1.229029	13282.330608	1350.158393
1.230174	13281.444188	1342.422673
1.231319	13280.556762	1334.734652
1.232464	13279.668462	1327.093960
1.233610	13278.779273	1319.500277
1.234755	13277.889178	1311.953290
1.235900	13276.998164	1304.452683
1.237045	13276.106214	1296.998146
1.238190	13275.213314	1289.589371
1.239335	13274.319449	1282.226050
1.240480	13273.424602	1274.907880
1.241626	13272.528760	1267.634558
1.242771	13271.631906	1260.405786
1.243916	13270.734025	1253.221265
1.245061	13269.835103	1246.080700
1.246206	13268.935124	1238.983799
1.247351	13268.034072	1231.930270
1.248496	13267.131933	1224.919826
1.249642	13266.228692	1217.952178
1.250787	13265.324332	1211.027043
1.251932	13264.418840	1204.144139
1.253077	13263.512199	1197.303184
1.254222	13262.604394	1190.503902
1.255367	13261.695411	1183.746016
1.256513	13260.785234	1177.029252
1.257658	13259.873847	1170.353337
1.258803	13258.961236	1163.718002
1.259948	13258.047386	1157.122979
1.261093	13257.132286	1150.568001
1.262238	13256.216101	1144.052778
1.263383	13255.298904	1137.577033
1.264529	13254.380680	1131.140500
1.265674	13253.461413	1124.742915
1.266819	13252.541087	1118.384018
1.267964	13251.619687	1112.063549
1.269109	13250.697199	1105.781250
1.270254	13249.773606	1099.536866
1.271399	13248.848893	1093.330143
1.272545	13247.923046	1087.160830
1.273690	13246.996048	1081.028677
1.274835	13246.067884	1074.933436
1.275980	13245.138539	1068.874860
1.277125	13244.207997	1062.852706
1.278270	13243.276244	1056.866732
1.279415	13242.343264	1050.916696
1.280561	13241.409041	1045.002360
1.281706	13240.473560	1039.123487
1.282851	13239.536806	1033.279842
1.283996	13238.598764	1027.471192
1.285141	13237.659417	1021.697304
1.286286	13236.718752	1015.957948
1.287431	13235.776752	1010.252897
1.288577	13234.833401	1004.581924
1.289722	13233.888686	998.944804
1.290867	13232.942590	993.341314
1.292012	13231.995115	987.771230
1.293157	13231.046444	982.234304
1.294302	13230.096622	976.730317
1.295447	13229.145632	971.259057
1.296593	13228.193460	965.820314
1.297738	13227.240090	960.413882
1.298883	13226.285507	955.039552
1.300028	13225.329696	949.697120
1.301173	13224.372641	944.386384
1.302318	13223.414327	939.107139
1.303463	13222.454738	933.859187
1.304609	13221.493860	928.642327
1.305754	13220.531677	923.456362
1.306899	13219.568173	918.301095
1.308044	13218.603333	913.176331
1.309189	13217.637143	908.081877
1.310334	13216.669586	903.017540
1.311479	13215.700647	897.983129
1.312625	13214.730311	892.978454
1.313770	13213.758563	888.003327
1.314915	13212.785387	883.057561
1.316060	13211.810768	878.140971
1.317205	13210.834691	873.253371
1.318350	13209.857140	868.394580
1.319495	13208.878100	863.564414
1.320641	13207.897555	858.762693
1.321786	13206.915491	853.989239
1.322931	13205.931919	849.243868
1.324076	13204.947029	844.526373
1.325221	13203.960849	839.836568
1.326366	13202.973365	835.174275
1.327512	13201.984560	830.539315
1.328657	13200.994418	825.931513
1.329802	13200.002926	821.350694
1.330947	13199.010066	816.796686
1.332092	13198.015824	812.269315
1.333237	13197.020184	807.768412
1.334382	13196.023130	803.293805
1.335528	13195.024648	798.845328
1.336673	13194.024722	794.422812
1.337818	13193.023335	790.026091
1.338963	13192.020474	785.655001
1.340108	13191.016122	781.309378
1.341253	13190.010264	776.989059
1.342398	13189.002884	772.693884
1.343544	13187.993968	768.423691
1.344689	13186.983498	764.178323
1.345834	13185.971461	759.957620
1.346979	13184.957841	755.761427
1.348124	13183.942621	751.589588
1.349269	13182.925788	747.441947
1.350414	13181.907324	743.318352
1.351560	13180.887215	739.218651
1.352705	13179.865446	735.142691
1.353850	13178.842039	731.090322
1.354995	13177.817191	727.061385
1.356140	13176.790919	723.055732
1.357285	13175.763206	719.073218
1.358430	13174.734036	715.113698
1.359576	13173.703394	711.177028
1.360721	13172.671262	707.263066
1.361866	13171.637625	703.371670
1.363011	13170.602467	699.502698
1.364156	13169.565770	695.656013
1.365301	13168.527520	691.831474
1.366446	13167.487700	688.028944
1.367592	13166.446294	684.248286
1.368737	13165.403286	680.489364
1.369882	13164.358659	676.752044
1.371027	13163.312397	673.036191
1.372172	13162.264484	669.341673
1.373317	13161.214905	665.668356
1.374462	13160.163642	662.016111
1.375608	13159.110679	658.384806
1.376753	13158.056002	654.774312
1.377898	13156.999592	651.184501
1.379043	13155.941435	647.615245
1.380188	13154.881513	644.066417
1.381333	13153.819811	640.537891
1.382478	13152.756313	637.029543
1.383624	13151.691002	633.541247
1.384769	13150.623920	630.072881
1.385914	13149.555269	626.624319
1.387059	13148.485052	623.195437
1.388204	13147.413252	619.786111
1.389349	13146.339852	616.396219
1.390494	13145.264836	613.025640
1.391640	13144.188187	609.674252
1.392785	13143.109886	606.341937
1.393930	13142.029918	603.028574
1.395075	13140.948266	599.734046
1.396220	13139.864913	596.458235
1.397365	13138.779841	593.201025
1.398511	13137.693034	589.962300
1.399656	13136.604474	586.741945
1.400801	13135.514146	583.539846
1.401946	13134.422031	580.355890
1.403091	13133.328113	577.189965
1.404236	13132.232375	574.041958
1.405381	13131.134801	570.911759
1.406527	13130.035372	567.799257
1.407672	13128.934072	564.704343
1.408817	13127.830885	561.626910
1.409962	13126.725793	558.566847
1.411107	13125.618779	555.524050
1.412252	13124.509826	552.498410
1.413397	13123.398918	549.489824
1.414543	13122.286037	546.498184
1.415688	13121.171264	543.523392
1.416833	13120.054786	540.565351
1.417978	13118.936593	537.623958
1.419123	13117.816666	534.699113
1.420268	13116.694989	531.790713
1.421413	13115.571544	528.898658
1.422559	13114.446312	526.022850
1.423704	13113.319276	523.163189
1.424849	13112.190418	520.319576
1.425994	13111.059722	517.491914
1.427139	13109.927168	514.680107
1.428284	13108.792739	511.884057
1.429429	13107.656418	509.103669
1.430575	13106.518187	506.338848
1.431720	13105.378027	503.589501
1.432865	13104.235923	500.855532
1.434010	13103.091854	498.136850
1.435155	13101.945805	495.433361
1.436300	13100.797757	492.744974
1.437445	13099.647693	490.071598
1.438591	13098.495595	487.413142
1.439736	13097.341444	484.769516
1.440881	13096.185224	482.140631
1.442026	13095.026917	479.526399
1.443171	13093.866505	476.926730
1.444316	13092.703970	474.341538
1.445461	13091.539296	471.770736
1.446607	13090.372646	469.214243
1.447752	13089.204146	466.671979
1.448897	13088.033777	464.143857
1.450042	13086.861520	461.629792
1.451187	13085.687356	459.129696
1.452332	13084.511265	456.643487
1.453477	13083.333228	454.171080
1.454623	13082.153226	451.712391
1.455768	13080.971241	449.267337
1.456913	13079.787252	446.835836
1.458058	13078.601242	444.417806
1.459203	13077.413190	442.013165
1.460348	13076.223077	439.621834
1.461493	13075.030886	437.243731
1.462639	13073.836595	434.878777
1.463784	13072.640187	432.526893
1.464929	13071.441641	430.188001
1.466074	13070.240940	427.862022
1.467219	13069.038063	425.548878
1.468364	13067.832993	423.248494
1.469510	13066.625708	420.960792
1.470655	13065.416192	418.685696
1.471800	13064.204423	416.423131
1.472945	13062.990384	414.173023
1.474090	13061.774055	411.935296
1.475235	13060.555417	409.709877
1.476380	13059.334490	407.496694
1.477526	13058.111519	405.295689
1.478671	13056.886531	403.106789
1.479816	13055.659507	400.929924
1.480961	13054.430424	398.765021
1.482106	13053.199263	396.612009
1.483251	13051.966002	394.470818
1.484396	13050.730620	392.341375
1.485542	13049.493098	390.223613
1.486687	13048.253413	388.117460
1.487832	13047.011546	386.022849
1.488977	13045.767476	383.939711
1.490122	13044.521181	381.867977
1.491267	13043.272640	379.807580
1.492412	13042.021835	377.758454
1.493558	13040.768742	375.720530
1.494703	13039.513342	373.693743
1.495848	13038.255613	371.678028
1.496993	13036.995536	369.673318
1.498138	13035.733089	367.679550
1.499283	13034.468251	365.696657
1.500428	13033.201002	363.724577
1.501574	13031.931320	361.763246
1.502719	13030.659186	359.812600
1.503864	13029.384577	357.872577
1.505009	13028.107474	355.943114
1.506154	13026.827857	354.024150
1.507299	13025.545919	352.115637
1.508444	13024.261803	350.217524
1.509590	13022.975484	348.329749
1.510735	13021.686942	346.452249
1.511880	13020.396154	344.584963
1.513025	13019.103096	342.727830
1.514170	13017.807746	340.880788
1.515315	13016.510082	339.043779
1.516460	13015.210081	337.216741
1.517606	13013.907720	335.399615
1.518751	13012.602978	333.592342
1.519896	13011.295831	331.794863
1.521041	13009.986256	330.007121
1.522186	13008.674232	328.229056
1.523331	13007.359736	326.460612
1.524476	13006.042744	324.701732
1.525622	13004.723235	322.952358
1.526767	13003.401186	321.212435
1.527912	13002.076574	319.481906
1.529057	13000.749376	317.760716
1.530202	12999.419571	316.048810
1.531347	12998.087136	314.346132
1.532492	12996.752047	312.652629
1.533638	12995.414283	310.968246
1.534783	12994.073821	309.292930
1.535928	12992.730638	307.626627
1.537073	12991.384876	305.969298
1.538218	12990.036757	304.320910
1.539363	12988.686257	302.681411
1.540509	12987.333353	301.050748
1.541654	12985.978019	299.428868
1.542799	12984.620230	297.815720
1.543944	12983.259961	296.211250
1.545089	12981.897187	294.615409
1.546234	12980.531882	293.028145
1.547379	12979.164023	291.449407
1.548525	12977.793583	289.879145
1.549670	12976.420538	288.317309
1.550815	12975.044863	286.763848
1.551960	12973.666533	285.218715
1.553105	12972.285523	283.681860
1.554250	12970.901807	282.153234
1.555395	12969.515361	280.632789
1.556541	12968.126160	279.120476
1.557686	12966.734178	277.616249
1.558831	12965.339391	276.120060
1.559976	12963.941773	274.631862
1.561121	12962.541300	273.151608
1.562266	12961.137947	271.679251
1.563411	12959.731688	270.214746
1.564557	12958.322498	268.758047
1.565702	12956.910353	267.309109
1.566847	12955.495446	265.867895
1.567992	12954.077985	264.434372
1.569137	12952.657942	263.008496
1.570282	12951.235290	261.590225
1.571427	12949.810001	260.179515
1.572573	12948.382046	258.776323
1.573718	12946.951398	257.380608
1.574863	12945.518028	255.992328
1.576008	12944.081909	254.611440
1.577153	12942.643012	253.237904
1.578298	12941.201311	251.871677
1.579443	12939.756775	250.512719
1.580589	12938.309379	249.160989
1.581734	12936.859093	247.816447
1.582879	12935.405890	246.479053
1.584024	12933.949742	245.148766
1.585169	12932.490621	243.825547
1.586314	12931.028498	242.509357
1.587459	12929.563346	241.200156
1.588605	12928.095137	239.897905
1.589750	12926.623843	238.602566
1.590895	12925.149436	237.314100
1.592040	12923.671888	236.032469
1.593185	12922.191170	234.757636
1.594330	12920.707255	233.489561
1.595475	12919.220151	232.228211
1.596621	12917.730197	230.973575
1.597766	12916.237460	229.725618
1.598911	12914.741909	228.484300
1.600056	12913.243513	227.249578
1.601201	12911.742239	226.021413
1.602346	12910.238058	224.799764
1.603491	12908.730936	223.584591
1.604637	12907.220844	222.375854
1.605782	12905.707750	221.173514
1.606927	12904.191621	219.977531
1.608072	12902.672428	218.787866
1.609217	12901.150138	217.604480
1.610362	12899.624721	216.427336
1.611508	12898.096144	215.256395
1.612653	12896.564377	214.091619
1.613798	12895.029388	212.932971
1.614943	12893.491145	211.780413
1.616088	12891.949618	210.633909
1.617233	12890.404775	209.493421
1.618378	12888.856584	208.358914
1.619524	12887.305015	207.230350
1.620669	12885.750036	206.107695
1.621814	12884.191615	204.990912
1.622959	12882.629721	203.879965
1.624104	12881.064327	202.774821
1.625249	12879.495737	201.675470
1.626394	12877.924134	200.581894
1.627540	12876.349482	199.494062
1.628685	12874.771746	198.411941
1.629830	12873.190891	197.335500
1.630975	12871.606880	196.264705
1.632120	12870.019678	195.199527
1.633265	12868.429251	194.139932
1.634410	12866.835561	193.085891
1.635556	12865.238575	192.037372
1.636701	12863.638255	190.994345
1.637846	12862.034568	189.956778
1.638991	12860.427477	188.924642
1.640136	12858.816946	187.897906
1.641281	12857.202941	186.876540
1.642426	12855.585426	185.860515
1.643572	12853.964365	184.849800
1.644717	12852.339723	183.844367
1.645862	12850.711464	182.844187
1.647007	12849.079553	181.849229
1.648152	12847.443955	180.859466
1.649297	12845.804633	179.874869
1.650442	12844.161552	178.895409
1.651588	12842.514678	177.921058
1.652733	12840.863993	176.951789
1.653878	12839.209890	175.987602
1.655023	12837.552506	175.028479
1.656168	12835.891799	174.074386
1.657313	12834.227730	173.125294
1.658458	12832.560258	172.181172
1.659604	12830.889341	171.241988
1.660749	12829.214940	170.307712
1.661894	12827.537013	169.378314
1.663039	12825.855520	168.453763
1.664184	12824.170420	167.534031
1.665329	12822.481672	166.619087
1.666474	12820.789237	165.708901
1.667620	12819.093072	164.803446
1.668765	12817.393138	163.902692
1.669910	12815.689393	163.006610
1.671055	12813.981797	162.115172
1.672200	12812.270310	161.228349
1.673345	12810.554890	160.346114
1.674490	12808.835498	159.468438
1.675636	12807.112091	158.595295
1.676781	12805.384630	157.726656
1.677926	12803.653074	156.862494
1.679071	12801.917382	156.002782
1.680216	12800.177514	155.147494
1.681361	12798.433657	154.296618
1.682507	12796.686231	153.450159
1.683652	12794.935203	152.608091
1.684797	12793.180525	151.770391
1.685942	12791.422149	150.937034
1.687087	12789.660030	150.107994
1.688232	12787.894120	149.283248
1.689377	12786.124373	148.462772
1.690523	12784.350740	147.646540
1.691668	12782.573176	146.834530
1.692813	12780.791632	146.026718
1.693958	12779.006063	145.223080
1.695103	12777.216421	144.423592
1.696248	12775.422659	143.628232
1.697393	12773.624730	142.836976
1.698539	12771.822588	142.049802
1.699684	12770.016184	141.266686
1.700829	12768.205473	140.487606
1.701974	12766.390406	139.712540
1.703119	12764.570938	138.941465
1.704264	12762.747021	138.174359
1.705409	12760.918608	137.411200
1.706555	12759.085652	136.651966
1.707700	12757.248107	135.896636
1.708845	12755.406199	135.145201
1.709990	12753.560391	134.397662
1.711135	12751.710638	133.653996
1.712280	12749.856887	132.914181
1.713425	12747.999083	132.178193
1.714571	12746.137173	131.446009
1.715716	12744.271102	130.717606
1.716861	12742.400815	129.992963
1.718006	12740.526259	129.272056
1.719151	12738.647379	128.554864
1.720296	12736.764121	127.841364
1.721441	12734.876430	127.131535
1.722587	12732.984253	126.425355
1.723732	12731.087535	125.722803
1.724877	12729.186222	125.023856
1.726022	12727.280259	124.328495
1.727167	12725.369592	123.636697
1.728312	12723.454168	122.948443
1.729457	12721.533932	122.263710
1.730603	12719.608828	121.582479
1.731748	12717.678805	120.904730
1.732893	12715.743806	120.230441
1.734038	12713.803778	119.559594
1.735183	12711.858725	118.892170
1.736328	12709.909253	118.228187
1.737473	12707.955486	117.567635
1.738619	12705.997361	116.910490
1.739764	12704.034814	116.256734
1.740909	12702.067781	115.606344
1.742054	12700.096200	114.959300
1.743199	12698.120007	114.315582
1.744344	12696.139137	113.675168
1.745489	12694.153529	113.038040
1.746635	12692.163118	112.404176
1.747780	12690.167841	111.773556
1.748925	12688.167634	111.146162
1.750070	12686.162435	110.521973
1.751215	12684.152179	109.900970
1.752360	12682.136803	109.283133
1.753506	12680.116244	108.668444
1.754651	12678.090437	108.056884
1.755796	12676.059321	107.448433
1.756941	12674.022831	106.843073
1.758086	12671.980903	106.240786
1.759231	12669.933475	105.641553
1.760376	12667.880483	105.045355
1.761522	12665.821959	104.452180
1.762667	12663.758613	103.862047
1.763812	12661.690542	103.274945
1.764957	12659.617670	102.690857
1.766102	12657.539922	102.109764
1.767247	12655.457223	101.531648
1.768392	12653.369497	100.956490
1.769538	12651.276670	100.384273
1.770683	12649.178666	99.814979
1.771828	12647.075409	99.248590
1.772973	12644.966825	98.685089
1.774118	12642.852838	98.124458
1.775263	12640.733372	97.566680
1.776408	12638.608354	97.011739
1.777554	12636.477707	96.459616
1.778699	12634.341356	95.910296
1.779844	12632.199226	95.363762
1.780989	12630.051241	94.819996
1.782134	12627.897327	94.278983
1.783279	12625.737408	93.740707
1.784424	12623.571408	93.205151
1.785570	12621.399253	92.672299
1.786715	12619.220871	92.142136
1.787860	12617.036868	91.614674
1.789005	12614.847676	91.089920
1.790150	12612.653207	90.567855
1.791295	12610.453371	90.048463
1.792440	12608.248079	89.531727
1.793586	12606.037242	89.017629
1.794731	12603.820770	88.506153
1.795876	12601.598574	87.997282
1.797021	12599.370565	87.491001
1.798166	12597.136654	86.987292
1.799311	12594.896751	86.486140
1.800456	12592.650766	85.987528
1.801602	12590.398611	85.491441
1.802747	12588.140197	84.997863
1.803892	12585.875433	84.506778
1.805037	12583.604232	84.018172
1.806182	12581.326502	83.532028
1.807327	12579.042156	83.048331
1.808472	12576.751104	82.567067
1.809618	12574.453256	82.088220
1.810763	12572.148524	81.611776
1.811908	12569.836892	81.137723
1.813053	12567.519271	80.666088
1.814198	12565.195874	80.196869
1.815343	12562.866593	79.730050
1.816488	12560.531323	79.265613
1.817634	12558.189955	78.803544
1.818779	12555.842383	78.343826
1.819924	12553.488500	77.886445
1.821069	12551.128198	77.431383
1.822214	12548.761372	76.978627
1.823359	12546.387914	76.528161
1.824505	12544.007717	76.079970
1.825650	12541.620674	75.634038
1.826795	12539.226678	75.190352
1.827940	12536.825623	74.748896
1.829085	12534.417401	74.309656
1.830230	12532.001905	73.872618
1.831375	12529.579029	73.437767
1.832521	12527.148665	73.005090
1.833666	12524.710707	72.574572
1.834811	12522.265047	72.146200
1.835956	12519.811618	71.719961
1.837101	12517.351406	71.295883
1.838246	12514.884779	70.873969
1.839391	12512.411607	70.454206
1.840537	12509.931761	70.036578
1.841682	12507.445112	69.621070
1.842827	12504.951529	69.207669
1.843972	12502.450884	68.796360
1.845117	12499.943046	68.387130
1.846262	12497.427887	67.979963
1.847407	12494.905275	67.574847
1.848553	12492.375083	67.171767
1.849698	12489.837180	66.770711
1.850843	12487.291437	66.371665
1.851988	12484.737723	65.974615
1.853133	12482.175911	65.579549
1.854278	12479.605869	65.186453
1.855423	12477.027468	64.795315
1.856569	12474.440580	64.406122
1.857714	12471.845073	64.018861
1.858859	12469.240819	63.633520
1.860004	12466.628282	63.250106
1.861149	12464.008597	62.868649
1.862294	12461.381649	62.489135
1.863439	12458.747281	62.111550
1.864585	12456.105334	61.735881
1.865730	12453.455649	61.362114
1.866875	12450.798067	60.990235
1.868020	12448.132431	60.620230
1.869165	12445.458580	60.252086
1.870310	12442.776358	59.885790
1.871455	12440.085605	59.521328
1.872601	12437.386162	59.158689
1.873746	12434.677871	58.797858
1.874891	12431.960574	58.438823
1.876036	12429.234112	58.081572
1.877181	12426.498326	57.726093
1.878326	12423.753058	57.372372
1.879471	12420.998149	57.020398
1.880617	12418.233441	56.670159
1.881762	12415.458778	56.321643
1.882907	12412.675247	55.974878
1.884052	12409.883684	55.629881
1.885197	12407.083892	55.286638
1.886342	12404.275677	54.945136
1.887487	12401.458844	54.605361
1.888633	12398.633195	54.267300
1.889778	12395.798538	53.930940
1.890923	12392.954675	53.596266
1.892068	12390.101411	53.263267
1.893213	12387.238552	52.931929
1.894358	12384.365902	52.602240
1.895504	12381.483265	52.274187
1.896649	12378.590447	51.947758
1.897794	12375.687251	51.622941
1.898939	12372.773482	51.299723
1.900084	12369.848945	50.978093
1.901229	12366.913444	50.658039
1.902374	12363.966785	50.339549
1.903520	12361.008774	50.022612
1.904665	12358.040679	49.707259
1.905810	12355.063507	49.393511
1.906955	12352.077014	49.081356
1.908100	12349.080957	48.770780
1.909245	12346.075093	48.461769
1.910390	12343.059180	48.154310
1.911536	12340.032974	47.848390
1.912681	12336.996232	47.543995
1.913826	12333.948711	47.241114
1.914971	12330.890168	46.939733
1.916116	12327.820360	46.639840
1.917261	12324.739044	46.341423
1.918406	12321.645977	46.044469
1.919552	12318.540916	45.748967
1.920697	12315.423617	45.454905
1.921842	12312.293839	45.162272
1.922987	12309.151336	44.871055
1.924132	12305.995868	44.581243
1.925277	12302.828193	44.292851
1.926422	12299.650210	44.005923
1.927568	12296.461687	43.720446
1.928713	12293.262317	43.436407
1.929858	12290.051792	43.153794
1.931003	12286.829806	42.872593
1.932148	12283.596050	42.592792
1.933293	12280.350218	42.314378
1.934438	12277.092003	42.037338
1.935584	12273.821097	41.761662
1.936729	12270.537193	41.487336
1.937874	12267.239984	41.214349
1.939019	12263.929162	40.942690
1.940164	12260.604421	40.672346
1.941309	12257.265452	40.403307
1.942454	12253.911950	40.135561
1.943600	12250.543606	39.869098
1.944745	12247.160290	39.603911
1.945890	12243.764485	39.340054
1.947035	12240.356780	39.077537
1.948180	12236.936784	38.816345
1.949325	12233.504104	38.556464
1.950470	12230.058347	38.297878
1.951616	12226.599121	38.040576
1.952761	12223.126034	37.784541
1.953906	12219.638694	37.529763
1.955051	12216.136708	37.276226
1.956196	12212.619684	37.023918
1.957341	12209.087229	36.772826
1.958486	12205.538952	36.522938
1.959632	12201.974460	36.274241
1.960777	12198.393360	36.026723
1.961922	12194.795261	35.780372
1.963067	12191.179769	35.535175
1.964212	12187.547377	35.291143
1.965357	12183.901226	35.048338
1.966503	12180.241192	34.806757
1.967648	12176.566768	34.566382
1.968793	12172.877446	34.327200
1.969938	12169.172718	34.089196
1.971083	12165.452078	33.852356
1.972228	12161.715017	33.616666
1.973373	12157.961028	33.382113
1.974519	12154.189603	33.148683
1.975664	12150.400234	32.916362
1.976809	12146.592414	32.685138
1.977954	12142.765636	32.454998
1.979099	12138.919391	32.225930
1.980244	12135.053173	31.997922
1.981389	12131.166472	31.770961
1.982535	12127.260326	31.545066
1.983680	12123.338359	31.320305
1.984825	12119.400146	31.096667
1.985970	12115.445021	30.874136
1.987115	12111.472319	30.652695
1.988260	12107.481375	30.432331
1.989405	12103.471522	30.213027
1.990551	12099.442095	29.994769
1.991696	12095.392429	29.777542
1.992841	12091.321857	29.561333
1.993986	12087.229714	29.346127
1.995131	12083.115334	29.131910
1.996276	12078.978051	28.918671
1.997421	12074.817201	28.706394
1.998567	12070.632117	28.495069
1.999712	12066.423746	28.284711
2.000857	12062.196770	28.075406
2.002002	12057.950751	27.867142
2.003147	12053.684798	27.659901
2.004292	12049.398025	27.453664
2.005437	12045.089541	27.248412
2.006583	12040.758460	27.044127
2.007728	12036.403891	26.840792
2.008873	12032.024946	26.638389
2.010018	12027.620736	26.436902
2.011163	12023.190374	26.236314
2.012308	12018.732970	26.036609
2.013453	12014.247635	25.837772
2.014599	12009.733481	25.639787
2.015744	12005.190503	25.442654
2.016889	12000.624825	25.246477
2.018034	11996.036809	25.051260
2.019179	11991.425247	24.856983
2.020324	11986.788929	24.663626
2.021469	11982.126647	24.471167
2.022615	11977.437191	24.279587
2.023760	11972.719353	24.088868
2.024905	11967.971923	23.898989
2.026050	11963.193694	23.709934
2.027195	11958.383455	23.521685
2.028340	11953.539998	23.334223
2.029485	11948.662114	23.147532
2.030631	11943.748609	22.961596
2.031776	11938.804973	22.776502
2.032921	11933.835173	22.592310
2.034066	11928.837536	22.408993
2.035211	11923.810388	22.226526
2.036356	11918.752055	22.044883
2.037502	11913.660863	21.864041
2.038647	11908.535140	21.683974
2.039792	11903.373211	21.504661
2.040937	11898.173403	21.326078
2.042082	11892.934042	21.148203
2.043227	11887.653455	20.971015
2.044372	11882.329967	20.794494
2.045518	11876.964136	20.618650
2.046663	11871.566073	20.443632
2.047808	11866.135233	20.269432
2.048953	11860.669243	20.096018
2.050098	11855.165732	19.923358
2.051243	11849.622327	19.751421
2.052388	11844.036655	19.580178
2.053534	11838.406345	19.409600
2.054679	11832.729023	19.239659
2.055824	11827.002318	19.070327
2.056969	11821.223857	18.901578
2.058114	11815.391268	18.733387
2.059259	11809.510114	18.565834
2.060404	11803.590599	18.399057
2.061550	11797.629477	18.233015
2.062695	11791.623297	18.067667
2.063840	11785.568609	17.902970
2.064985	11779.461964	17.738885
2.066130	11773.299910	17.575373
2.067275	11767.078998	17.412397
2.068420	11760.795777	17.249920
2.069566	11754.446798	17.087907
2.070711	11748.028665	16.926325
2.071856	11741.554075	16.765339
2.073001	11735.031106	16.605054
2.074146	11728.454582	16.445413
2.075291	11721.819331	16.286356
2.076436	11715.120177	16.127831
2.077582	11708.351947	15.969783
2.078727	11701.509466	15.812161
2.079872	11694.587560	15.654915
2.081017	11687.581056	15.497998
2.082162	11680.485100	15.341367
2.083307	11673.319071	15.185255
2.084452	11666.091119	15.029762
2.085598	11658.793221	14.874807
2.086743	11651.417356	14.720310
2.087888	11643.955502	14.566194
2.089033	11636.399637	14.412386
2.090178	11628.741739	14.258814
2.091323	11620.973788	14.105410
2.092468	11613.087837	13.952110
2.093614	11605.107676	13.799186
2.094759	11597.047952	13.646805
2.095904	11588.895705	13.494841
2.097049	11580.637978	13.343174
2.098194	11572.261812	13.191687
2.099339	11563.754250	13.040268
2.100484	11555.102334	12.888809
2.101630	11546.293104	12.737208
2.102775	11537.344004	12.585667
2.103920	11528.292318	12.434576
2.105065	11519.117277	12.283750
2.106210	11509.796913	12.133000
2.107355	11500.309257	11.982144
2.108501	11490.632341	11.831009
2.109646	11480.744197	11.679427
2.110791	11470.638390	11.527383
2.111936	11460.389265	11.375603
2.113081	11449.976855	11.223930
2.114226	11439.361579	11.072039
2.115371	11428.503857	10.919621
2.116517	11417.364107	10.766381
2.117662	11405.902748	10.612038
2.118807	11394.181767	10.457203
2.119952	11382.255466	10.302396
2.121097	11370.047077	10.147003
2.122242	11357.479659	9.990442
2.123387	11344.476273	9.832158
2.124533	11330.976316	9.671762
2.125678	11317.162836	9.510850
2.126823	11302.981878	9.349069
2.127968	11288.268554	9.185221
2.129113	11272.857973	9.018171
2.130258	11256.657871	8.847414
2.131403	11239.999943	8.675674
2.132549	11222.618094	8.501081
2.133694	11204.108592	8.320875
2.134839	11184.202189	8.133455
2.135984	11163.518483	7.943663
2.137129	11141.226289	7.745958
2.138274	11116.186888	7.533136
2.139419	11089.584672	7.314166
2.140565	11058.846367	7.072797
2.141710	11023.123794	6.805472
2.142855	10975.241627	6.470385
2.144000	10889.804559	5.926320
