1.000000	13608.046018	5762.501557
1.001163	13608.020211	5725.732874
1.002326	13607.990930	5689.220624
1.003489	13607.958322	5652.963180
1.004653	13607.922531	5616.958918
1.005816	13607.883704	5581.206227
1.006979	13607.841985	5545.703501
1.008142	13607.797521	5510.449144
1.009305	13607.750457	5475.441568
1.010468	13607.700938	5440.679193
1.011632	13607.649111	5406.160447
1.012795	13607.595119	5371.883767
1.013958	13607.539111	5337.847598
1.015121	13607.481229	5304.050392
1.016284	13607.421621	5270.490611
1.017447	13607.360432	5237.166723
1.018611	13607.297807	5204.077207
1.019774	13607.233892	5171.220547
1.020937	13607.168833	5138.595238
1.022100	13607.102774	5106.199780
1.023263	13607.035862	5074.032683
1.024426	13606.968243	5042.092466
1.025590	13606.899475	5010.375947
1.026753	13606.828906	4978.879480
1.027916	13606.756527	4947.601394
1.029079	13606.682330	4916.540036
1.030242	13606.606308	4885.693765
1.031405	13606.528452	4855.060957
1.032569	13606.448757	4824.640000
1.033732	13606.367213	4794.429295
1.034895	13606.283814	4764.427256
1.036058	13606.198551	4734.632312
1.037221	13606.111417	4705.042905
1.038384	13606.022404	4675.657488
1.039548	13605.931506	4646.474528
1.040711	13605.838713	4617.492505
1.041874	13605.744019	4588.709912
1.043037	13605.647416	4560.125254
1.044200	13605.548896	4531.737048
1.045363	13605.448452	4503.543824
1.046527	13605.346076	4475.544124
1.047690	13605.241761	4447.736502
1.048853	13605.135499	4420.119523
1.050016	13605.027281	4392.691766
1.051179	13604.917102	4365.451820
1.052342	13604.804953	4338.398287
1.053506	13604.690825	4311.529778
1.054669	13604.574713	4284.844918
1.055832	13604.456608	4258.342342
1.056995	13604.336534	4232.020492
1.058158	13604.214579	4205.877383
1.059321	13604.090743	4179.911646
1.060484	13603.965020	4154.121965
1.061648	13603.837402	4128.507037
1.062811	13603.707882	4103.065569
1.063974	13603.576453	4077.796279
1.065137	13603.443109	4052.697895
1.066300	13603.307841	4027.769155
1.067463	13603.170643	4003.008810
1.068627	13603.031508	3978.415618
1.069790	13602.890429	3953.988349
1.070953	13602.747399	3929.725781
1.072116	13602.602410	3905.626706
1.073279	13602.455456	3881.689920
1.074442	13602.306529	3857.914235
1.075606	13602.155623	3834.298468
1.076769	13602.002730	3810.841448
1.077932	13601.847843	3787.542013
1.079095	13601.690956	3764.399009
1.080258	13601.532061	3741.411294
1.081421	13601.371151	3718.577734
1.082585	13601.208220	3695.897203
1.083748	13601.043259	3673.368586
1.084911	13600.876262	3650.990775
1.086074	13600.707222	3628.762673
1.087237	13600.536132	3606.683191
1.088400	13600.362986	3584.751242
1.089564	13600.187856	3562.965354
1.090727	13600.010784	3541.324224
1.091890	13599.831762	3519.826799
1.093053	13599.650784	3498.472038
1.094216	13599.467842	3477.258906
1.095379	13599.282930	3456.186378
1.096543	13599.096042	3435.253437
1.097706	13598.907169	3414.459072
1.098869	13598.716306	3393.802283
1.100032	13598.523445	3373.282077
1.101195	13598.328579	3352.897468
1.102358	13598.131703	3332.647479
1.103522	13597.932808	3312.531140
1.104685	13597.731887	3292.547490
1.105848	13597.528935	3272.695575
1.107011	13597.323944	3252.974448
1.108174	13597.116907	3233.383170
1.109337	13596.907818	3213.920809
1.110501	13596.696669	3194.586443
1.111664	13596.483453	3175.379153
1.112827	13596.268165	3156.298030
1.113990	13596.050796	3137.342173
1.115153	13595.831340	3118.510686
1.116316	13595.609791	3099.802681
1.117479	13595.386140	3081.217277
1.118643	13595.160382	3062.753601
1.119806	13594.932509	3044.410785
1.120969	13594.702523	3026.187939
1.122132	13594.470510	3008.083869
1.123295	13594.236491	2990.097631
1.124458	13594.000458	2972.228388
1.125622	13593.762404	2954.475308
1.126785	13593.522323	2936.837567
1.127948	13593.280207	2919.314347
1.129111	13593.036050	2901.904836
1.130274	13592.789844	2884.608229
1.131437	13592.541583	2867.423727
1.132601	13592.291260	2850.350538
1.133764	13592.038867	2833.387876
1.134927	13591.784399	2816.534959
1.136090	13591.527847	2799.791015
1.137253	13591.269204	2783.155274
1.138416	13591.008465	2766.626976
1.139580	13590.745622	2750.205363
1.140743	13590.480667	2733.889687
1.141906	13590.213595	2717.679202
1.143069	13589.944398	2701.573170
1.144232	13589.673069	2685.570859
1.145395	13589.399600	2669.671541
1.146559	13589.123987	2653.874495
1.147722	13588.846220	2638.179005
1.148885	13588.566294	2622.584361
1.150048	13588.284200	2607.089858
1.151211	13587.999934	2591.694798
1.152374	13587.713486	2576.398486
1.153538	13587.424860	2561.200206
1.154701	13587.134144	2546.098978
1.155864	13586.841358	2531.094049
1.157027	13586.546494	2516.184756
1.158190	13586.249546	2501.370442
1.159353	13585.950506	2486.650455
1.160517	13585.649368	2472.024147
1.161680	13585.346125	2457.490874
1.162843	13585.040768	2443.050001
1.164006	13584.733292	2428.700892
1.165169	13584.423689	2414.442921
1.166332	13584.111952	2400.275464
1.167495	13583.798074	2386.197901
1.168659	13583.482047	2372.209620
1.169822	13583.163866	2358.310010
1.170985	13582.843522	2344.498466
1.172148	13582.521008	2330.774389
1.173311	13582.196318	2317.137182
1.174474	13581.869445	2303.586255
1.175638	13581.540381	2290.121019
1.176801	13581.209119	2276.740893
1.177964	13580.875652	2263.445298
1.179127	13580.539973	2250.233661
1.180290	13580.202075	2237.105412
1.181453	13579.861951	2224.059985
1.182617	13579.519594	2211.096820
1.183780	13579.174996	2198.215360
1.184943	13578.828152	2185.415051
1.186106	13578.479055	2172.695340
1.187269	13578.127788	2160.055493
1.188432	13577.774388	2147.494871
1.189596	13577.418848	2135.012928
1.190759	13577.061159	2122.609127
1.191922	13576.701314	2110.282929
1.193085	13576.339307	2098.033805
1.194248	13575.975130	2085.861225
1.195411	13575.608776	2073.764666
1.196575	13575.240237	2061.743609
1.197738	13574.869506	2049.797538
1.198901	13574.496576	2037.925941
1.200064	13574.121440	2026.128310
1.201227	13573.744089	2014.404140
1.202390	13573.364518	2002.752933
1.203554	13572.982718	1991.174190
1.204717	13572.598682	1979.667420
1.205880	13572.212404	1968.232134
1.207043	13571.823875	1956.867846
1.208206	13571.433088	1945.574075
1.209369	13571.040037	1934.350343
1.210533	13570.644713	1923.196175
1.211696	13570.247110	1912.111101
1.212859	13569.847220	1901.094653
1.214022	13569.445036	1890.146369
1.215185	13569.040551	1879.265787
1.216348	13568.633756	1868.452451
1.217512	13568.224646	1857.705907
1.218675	13567.813213	1847.025706
1.219838	13567.399506	1836.411328
1.221001	13566.983601	1825.862224
1.222164	13566.565492	1815.377961
1.223327	13566.145171	1804.958106
1.224490	13565.722630	1794.602233
1.225654	13565.297861	1784.309917
1.226817	13564.870857	1774.080736
1.227980	13564.441611	1763.914272
1.229143	13564.010114	1753.810110
1.230306	13563.576359	1743.767838
1.231469	13563.140338	1733.787046
1.232633	13562.702044	1723.867329
1.233796	13562.261469	1714.008282
1.234959	13561.818605	1704.209507
1.236122	13561.373444	1694.470605
1.237285	13560.925980	1684.791182
1.238448	13560.476203	1675.170846
1.239612	13560.024107	1665.609210
1.240775	13559.569684	1656.105886
1.241938	13559.112926	1646.660491
1.243101	13558.653826	1637.272646
1.244264	13558.192376	1627.941973
1.245427	13557.728567	1618.668097
1.246591	13557.262394	1609.450646
1.247754	13556.793847	1600.289250
1.248917	13556.322919	1591.183543
1.250080	13555.849603	1582.133160
1.251243	13555.373891	1573.137740
1.252406	13554.895794	1564.196904
1.253570	13554.415416	1555.310161
1.254733	13553.932769	1546.477138
1.255896	13553.447845	1537.697484
1.257059	13552.960634	1528.970850
1.258222	13552.471130	1520.296892
1.259385	13551.979324	1511.675265
1.260549	13551.485207	1503.105631
1.261712	13550.988772	1494.587650
1.262875	13550.490009	1486.120988
1.264038	13549.988912	1477.705311
1.265201	13549.485471	1469.340288
1.266364	13548.979679	1461.025591
1.267528	13548.471527	1452.760893
1.268691	13547.961006	1444.545872
1.269854	13547.448110	1436.380206
1.271017	13546.932829	1428.263575
1.272180	13546.415155	1420.195663
1.273343	13545.895080	1412.176155
1.274507	13545.372596	1404.204739
1.275670	13544.847694	1396.281105
1.276833	13544.320367	1388.404945
1.277996	13543.790605	1380.575953
1.279159	13543.258402	1372.793826
1.280322	13542.723748	1365.058263
1.281485	13542.186635	1357.368964
1.282649	13541.647056	1349.725632
1.283812	13541.105001	1342.127972
1.284975	13540.560463	1334.575691
1.286138	13540.013520	1327.068443
1.287301	13539.464241	1319.605885
1.288464	13538.912617	1312.187729
1.289628	13538.358638	1304.813688
1.290791	13537.802295	1297.483477
1.291954	13537.243580	1290.196813
1.293117	13536.682483	1282.953415
1.294280	13536.118996	1275.753004
1.295443	13535.553108	1268.595303
1.296607	13534.984812	1261.480038
1.297770	13534.414097	1254.406935
1.298933	13533.840955	1247.375724
1.300096	13533.265377	1240.386135
1.301259	13532.687354	1233.437902
1.302422	13532.106876	1226.530759
1.303586	13531.523935	1219.664443
1.304749	13530.938522	1212.838692
1.305912	13530.350626	1206.053247
1.307075	13529.760240	1199.307851
1.308238	13529.167355	1192.602246
1.309401	13528.571960	1185.936180
1.310565	13527.974047	1179.309400
1.311728	13527.373608	1172.721656
1.312891	13526.770632	1166.172698
1.314054	13526.165111	1159.662280
1.315217	13525.557035	1153.190157
1.316380	13524.946397	1146.756084
1.317544	13524.333186	1140.359822
1.318707	13523.717419	1134.001120
1.319870	13523.099224	1127.679699
1.321033	13522.478608	1121.395314
1.322196	13521.855563	1115.147730
1.323359	13521.230077	1108.936716
1.324523	13520.602142	1102.762038
1.325686	13519.971747	1096.623467
1.326849	13519.338882	1090.520775
1.328012	13518.703537	1084.453734
1.329175	13518.065702	1078.422119
1.330338	13517.425367	1072.425707
1.331502	13516.782522	1066.464276
1.332665	13516.137157	1060.537605
1.333828	13515.489262	1054.645475
1.334991	13514.838827	1048.787669
1.336154	13514.185843	1042.963971
1.337317	13513.530298	1037.174167
1.338480	13512.872183	1031.418043
1.339644	13512.211488	1025.695388
1.340807	13511.548204	1020.005993
1.341970	13510.882319	1014.349649
1.343133	13510.213824	1008.726148
1.344296	13509.542709	1003.135286
1.345459	13508.868964	997.576857
1.346623	13508.192580	992.050660
1.347786	13507.513545	986.556494
1.348949	13506.831850	981.094157
1.350112	13506.147485	975.663452
1.351275	13505.460440	970.264182
1.352438	13504.770818	964.896121
1.353602	13504.078695	959.559055
1.354765	13503.384060	954.252790
1.355928	13502.686902	948.977136
1.357091	13501.987209	943.731904
1.358254	13501.284971	938.516905
1.359417	13500.580177	933.331952
1.360581	13499.872815	928.176859
1.361744	13499.162874	923.051443
1.362907	13498.450343	917.955519
1.364070	13497.735212	912.888906
1.365233	13497.017468	907.851424
1.366396	13496.297100	902.842893
1.367560	13495.574099	897.863135
1.368723	13494.848451	892.911972
1.369886	13494.120148	887.989230
1.371049	13493.389176	883.094733
1.372212	13492.655525	878.228308
1.373375	13491.919185	873.389783
1.374539	13491.180143	868.578988
1.375702	13490.438388	863.795751
1.376865	13489.693911	859.039905
1.378028	13488.946699	854.311281
1.379191	13488.196741	849.609714
1.380354	13487.444026	844.935038
1.381518	13486.688543	840.287089
1.382681	13485.930281	835.665703
1.383844	13485.169229	831.070720
1.385007	13484.405423	826.501974
1.386170	13483.639012	821.959292
1.387333	13482.869997	817.442512
1.388496	13482.098367	812.951472
1.389660	13481.324109	808.486012
1.390823	13480.547211	804.045973
1.391986	13479.767660	799.631197
1.393149	13478.985444	795.241527
1.394312	13478.200550	790.876809
1.395475	13477.412966	786.536886
1.396639	13476.622679	782.221606
1.397802	13475.829678	777.930817
1.398965	13475.033949	773.664367
1.400128	13474.235481	769.422105
1.401291	13473.434261	765.203883
1.402454	13472.630276	761.009552
1.403618	13471.823514	756.838965
1.404781	13471.013963	752.691976
1.405944	13470.201610	748.568440
1.407107	13469.386443	744.468212
1.408270	13468.568449	740.391149
1.409433	13467.747617	736.337110
1.410597	13466.923933	732.305952
1.411760	13466.097385	728.297536
1.412923	13465.267961	724.311723
1.414086	13464.435649	720.348373
1.415249	13463.600435	716.407350
1.416412	13462.762308	712.488518
1.417576	13461.921269	708.591741
1.418739	13461.077482	704.716883
1.419902	13460.230989	700.863814
1.421065	13459.381776	697.032401
1.422228	13458.529830	693.222514
1.423391	13457.675136	689.434024
1.424555	13456.817681	685.666803
1.425718	13455.957451	681.920722
1.426881	13455.094432	678.195654
1.428044	13454.228610	674.491475
1.429207	13453.359973	670.808058
1.430370	13452.488505	667.145279
1.431534	13451.614194	663.503014
1.432697	13450.737026	659.881142
1.433860	13449.856986	656.279540
1.435023	13448.974062	652.698087
1.436186	13448.088238	649.136663
1.437349	13447.199503	645.595148
1.438513	13446.307841	642.073424
1.439676	13445.413239	638.571373
1.440839	13444.515684	635.088877
1.442002	13443.615161	631.625821
1.443165	13442.711657	628.182089
1.444328	13441.805158	624.757566
1.445491	13440.895651	621.352139
1.446655	13439.983121	617.965693
1.447818	13439.067555	614.598116
1.448981	13438.148939	611.249297
1.450144	13437.227264	607.919125
1.451307	13436.302688	604.607493
1.452470	13435.375294	601.314291
1.453634	13434.445067	598.039409
1.454797	13433.511990	594.782734
1.455960	13432.576048	591.544157
1.457123	13431.637225	588.323569
1.458286	13430.695506	585.120860
1.459449	13429.750874	581.935924
1.460613	13428.803315	578.768652
1.461776	13427.852813	575.618938
1.462939	13426.899351	572.486677
1.464102	13425.942914	569.371763
1.465265	13424.983488	566.274093
1.466428	13424.021055	563.193563
1.467592	13423.055600	560.130069
1.468755	13422.087108	557.083510
1.469918	13421.115563	554.053784
1.471081	13420.140949	551.040790
1.472244	13419.163251	548.044429
1.473407	13418.182453	545.064600
1.474571	13417.198539	542.101206
1.475734	13416.211494	539.154147
1.476897	13415.221301	536.223327
1.478060	13414.227946	533.308649
1.479223	13413.231413	530.410016
1.480386	13412.231686	527.527333
1.481550	13411.228749	524.660505
1.482713	13410.222591	521.809439
1.483876	13409.213397	518.974057
1.485039	13408.201256	516.154272
1.486202	13407.186149	513.349994
1.487365	13406.168058	510.561130
1.488529	13405.146967	507.787588
1.489692	13404.122856	505.029278
1.490855	13403.095708	502.286109
1.492018	13402.065506	499.557993
1.493181	13401.032230	496.844839
1.494344	13399.995864	494.146560
1.495508	13398.956389	491.463067
1.496671	13397.913787	488.794274
1.497834	13396.868041	486.140094
1.498997	13395.819133	483.500441
1.500160	13394.767044	480.875229
1.501323	13393.711757	478.264374
1.502486	13392.653254	475.667791
1.503650	13391.591517	473.085396
1.504813	13390.526528	470.517106
1.505976	13389.458270	467.962839
1.507139	13388.386724	465.422512
1.508302	13387.311872	462.896043
1.509465	13386.233696	460.383353
1.510629	13385.152179	457.884359
1.511792	13384.067303	455.398982
1.512955	13382.979050	452.927143
1.514118	13381.887401	450.468763
1.515281	13380.792371	448.023766
1.516444	13379.694201	445.592100
1.517608	13378.592931	443.173691
1.518771	13377.488541	440.768460
1.519934	13376.381011	438.376327
1.521097	13375.270321	435.997215
1.522260	13374.156448	433.631046
1.523423	13373.039375	431.277743
1.524587	13371.919079	428.937229
1.525750	13370.795540	426.609428
1.526913	13369.668738	424.294264
1.528076	13368.538653	421.991662
1.529239	13367.405264	419.701548
1.530402	13366.268550	417.423848
1.531566	13365.128492	415.158487
1.532729	13363.985069	412.905394
1.533892	13362.838259	410.664495
1.535055	13361.688044	408.435718
1.536218	13360.534402	406.218991
1.537381	13359.377313	404.014244
1.538545	13358.216757	401.821406
1.539708	13357.052713	399.640407
1.540871	13355.885160	397.471177
1.542034	13354.714079	395.313646
1.543197	13353.539449	393.167747
1.544360	13352.361248	391.033411
1.545524	13351.179458	388.910569
1.546687	13349.994058	386.799155
1.547850	13348.805200	384.699118
1.549013	13347.613088	382.610412
1.550176	13346.417697	380.532971
1.551339	13345.219005	378.466730
1.552503	13344.016988	376.411624
1.553666	13342.811624	374.367588
1.554829	13341.602887	372.334559
1.555992	13340.390755	370.312473
1.557155	13339.175204	368.301267
1.558318	13337.956211	366.300878
1.559481	13336.733752	364.311244
1.560645	13335.507804	362.332302
1.561808	13334.278344	360.363992
1.562971	13333.045347	358.406252
1.564134	13331.808790	356.459021
1.565297	13330.568651	354.522239
1.566460	13329.324905	352.595847
1.567624	13328.077528	350.679784
1.568787	13326.826499	348.773992
1.569950	13325.571792	346.878411
1.571113	13324.313384	344.992984
1.572276	13323.051253	343.117652
1.573439	13321.785374	341.252358
1.574603	13320.515724	339.397045
1.575766	13319.242280	337.551655
1.576929	13317.965018	335.716133
1.578092	13316.683914	333.890422
1.579255	13315.399080	332.074477
1.580418	13314.110797	330.268270
1.581582	13312.819050	328.471742
1.582745	13311.523812	326.684838
1.583908	13310.225056	324.907500
1.585071	13308.922754	323.139672
1.586234	13307.616881	321.381297
1.587397	13306.307408	319.632321
1.588561	13304.994309	317.892687
1.589724	13303.677556	316.162341
1.590887	13302.357123	314.441229
1.592050	13301.032983	312.729296
1.593213	13299.705109	311.026489
1.594376	13298.373473	309.332754
1.595540	13297.038049	307.648037
1.596703	13295.698810	305.972287
1.597866	13294.355728	304.305452
1.599029	13293.008776	302.647478
1.600192	13291.657929	300.998315
1.601355	13290.303157	299.357911
1.602519	13288.944436	297.726215
1.603682	13287.581736	296.103178
1.604845	13286.215032	294.488747
1.606008	13284.844297	292.882875
1.607171	13283.469503	291.285510
1.608334	13282.090623	289.696605
1.609497	13280.707631	288.116110
1.610661	13279.320741	286.544000
1.611824	13277.930197	284.980254
1.612987	13276.535967	283.424824
1.614150	13275.138021	281.877659
1.615313	13273.736326	280.338713
1.616476	13272.330851	278.807936
1.617640	13270.921566	277.285282
1.618803	13269.508439	275.770702
1.619966	13268.091439	274.264150
1.621129	13266.670534	272.765578
1.622292	13265.245694	271.274942
1.623455	13263.816887	269.792193
1.624619	13262.384081	268.317287
1.625782	13260.947247	266.850179
1.626945	13259.506351	265.390822
1.628108	13258.061363	263.939173
1.629271	13256.612253	262.495186
1.630434	13255.158987	261.058817
1.631598	13253.701536	259.630023
1.632761	13252.239868	258.208759
1.633924	13250.773952	256.794983
1.635087	13249.303756	255.388651
1.636250	13247.829250	253.989721
1.637413	13246.350402	252.598150
1.638577	13244.867180	251.213896
1.639740	13243.379554	249.836916
1.640903	13241.887589	248.467179
1.642066	13240.391689	247.104680
1.643229	13238.891871	245.749382
1.644392	13237.388098	244.401241
1.645556	13235.880335	243.060217
1.646719	13234.368545	241.726268
1.647882	13232.852692	240.399352
1.649045	13231.332739	239.079430
1.650208	13229.808652	237.766459
1.651371	13228.280393	236.460400
1.652535	13226.747926	235.161212
1.653698	13225.211216	233.868856
1.654861	13223.670226	232.583292
1.656024	13222.124920	231.304481
1.657187	13220.575261	230.032384
1.658350	13219.021215	228.766962
1.659514	13217.462744	227.508176
1.660677	13215.899812	226.255989
1.661840	13214.332383	225.010363
1.663003	13212.760422	223.771259
1.664166	13211.183892	222.538641
1.665329	13209.602756	221.312471
1.666492	13208.016979	220.092713
1.667656	13206.426525	218.879329
1.668819	13204.831356	217.672283
1.669982	13203.231438	216.471539
1.671145	13201.626868	215.277073
1.672308	13200.018099	214.088890
1.673471	13198.405134	212.906956
1.674635	13196.787931	211.731234
1.675798	13195.166448	210.561686
1.676961	13193.540642	209.398278
1.678124	13191.910471	208.240972
1.679287	13190.275892	207.089731
1.680450	13188.636862	205.944522
1.681614	13186.993339	204.805307
1.682777	13185.345281	203.672051
1.683940	13183.692645	202.544720
1.685103	13182.035389	201.423279
1.686266	13180.373470	200.307692
1.687429	13178.706846	199.197927
1.688593	13177.035474	198.093949
1.689756	13175.359311	196.995723
1.690919	13173.678316	195.903217
1.692082	13171.992446	194.816397
1.693245	13170.301658	193.735230
1.694408	13168.605909	192.659684
1.695572	13166.905158	191.589725
1.696735	13165.199362	190.525321
1.697898	13163.488478	189.466441
1.699061	13161.772463	188.413052
1.700224	13160.051288	187.365123
1.701387	13158.325410	186.322661
1.702551	13156.595041	185.285653
1.703714	13154.860132	184.254068
1.704877	13153.120634	183.227873
1.706040	13151.376495	182.207037
1.707203	13149.627665	181.191528
1.708366	13147.874096	180.181315
1.709530	13146.115736	179.176368
1.710693	13144.352535	178.176654
1.711856	13142.584443	177.182144
1.713019	13140.811411	176.192808
1.714182	13139.033388	175.208614
1.715345	13137.250323	174.229534
1.716509	13135.462168	173.255538
1.717672	13133.668871	172.286596
1.718835	13131.870383	171.322678
1.719998	13130.066653	170.363757
1.721161	13128.257632	169.409803
1.722324	13126.443269	168.460787
1.723487	13124.623514	167.516681
1.724651	13122.798318	166.577457
1.725814	13120.967629	165.643086
1.726977	13119.131399	164.713542
1.728140	13117.289576	163.788796
1.729303	13115.442140	162.868823
1.730466	13113.589657	161.953637
1.731630	13111.732319	161.043227
1.732793	13109.870065	160.137563
1.733956	13108.002837	159.236618
1.735119	13106.130574	158.340361
1.736282	13104.253218	157.448766
1.737445	13102.370709	156.561804
1.738609	13100.482988	155.679447
1.739772	13098.589995	154.801668
1.740935	13096.691671	153.928440
1.742098	13094.787957	153.059735
1.743261	13092.878793	152.195526
1.744424	13090.964120	151.335787
1.745588	13089.043878	150.480491
1.746751	13087.118008	149.629611
1.747914	13085.186450	148.783122
1.749077	13083.249146	147.940997
1.750240	13081.306036	147.103212
1.751403	13079.357060	146.269740
1.752567	13077.402160	145.440555
1.753730	13075.441275	144.615634
1.754893	13073.474346	143.794950
1.756056	13071.501314	142.978479
1.757219	13069.522120	142.166197
1.758382	13067.537130	141.358107
1.759546	13065.546887	140.554223
1.760709	13063.551324	139.754520
1.761872	13061.550370	138.958971
1.763035	13059.543954	138.167551
1.764198	13057.532006	137.380235
1.765361	13055.514455	136.596997
1.766525	13053.491229	135.817812
1.767688	13051.462259	135.042656
1.768851	13049.427472	134.271503
1.770014	13047.386799	133.504330
1.771177	13045.340169	132.741111
1.772340	13043.287510	131.981824
1.773504	13041.228751	131.226443
1.774667	13039.163823	130.474946
1.775830	13037.092654	129.727308
1.776993	13035.015173	128.983507
1.778156	13032.931309	128.243520
1.779319	13030.840992	127.507323
1.780482	13028.744151	126.774894
1.781646	13026.640714	126.046210
1.782809	13024.530612	125.321249
1.783972	13022.413773	124.599989
1.785135	13020.290143	123.882408
1.786298	13018.160428	123.168531
1.787461	13016.024963	122.458360
1.788625	13013.883662	121.751870
1.789788	13011.736440	121.049040
1.790951	13009.583212	120.349844
1.792114	13007.423893	119.654262
1.793277	13005.258399	118.962270
1.794440	13003.086643	118.273845
1.795604	13000.908541	117.588966
1.796767	12998.724007	116.907610
1.797930	12996.532957	116.229756
1.799093	12994.335305	115.555381
1.800256	12992.130967	114.884465
1.801419	12989.919856	114.216985
1.802583	12987.701889	113.552921
1.803746	12985.476979	112.892251
1.804909	12983.245042	112.234955
1.806072	12981.005993	111.581013
1.807235	12978.759746	110.930403
1.808398	12976.506217	110.283106
1.809562	12974.245320	109.639101
1.810725	12971.976971	108.998369
1.811888	12969.701088	108.360889
1.813051	12967.418402	107.726686
1.814214	12965.129411	107.095768
1.815377	12962.834011	106.468116
1.816541	12960.532101	105.843707
1.817704	12958.223578	105.222521
1.818867	12955.908338	104.604537
1.820030	12953.586280	103.989734
1.821193	12951.257300	103.378092
1.822356	12948.921296	102.769591
1.823520	12946.578165	102.164211
1.824683	12944.227805	101.561932
1.825846	12941.870112	100.962734
1.827009	12939.504984	100.366598
1.828172	12937.132319	99.773504
1.829335	12934.752013	99.183433
1.830498	12932.363964	98.596367
1.831662	12929.968069	98.012286
1.832825	12927.564226	97.431172
1.833988	12925.152331	96.853006
1.835151	12922.732283	96.277771
1.836314	12920.303978	95.705447
1.837477	12917.867314	95.136017
1.838641	12915.422575	94.569482
1.839804	12912.970842	94.005878
1.840967	12910.512077	93.445190
1.842130	12908.046154	92.887397
1.843293	12905.572947	92.332481
1.844456	12903.092331	91.780422
1.845620	12900.604180	91.231201
1.846783	12898.108371	90.684799
1.847946	12895.604777	90.141198
1.849109	12893.093272	89.600378
1.850272	12890.573733	89.062321
1.851435	12888.046033	88.527010
1.852599	12885.510047	87.994426
1.853762	12882.965650	87.464551
1.854925	12880.412716	86.937368
1.856088	12877.851121	86.412859
1.857251	12875.280740	85.891007
1.858414	12872.701445	85.371795
1.859578	12870.113114	84.855205
1.860741	12867.515619	84.341221
1.861904	12864.908837	83.829827
1.863067	12862.292641	83.321005
1.864230	12859.667891	82.814781
1.865393	12857.035431	82.311180
1.866557	12854.395105	81.810184
1.867720	12851.746760	81.311772
1.868883	12849.090241	80.815927
1.870046	12846.425394	80.322631
1.871209	12843.752065	79.831865
1.872372	12841.070099	79.343611
1.873536	12838.379342	78.857851
1.874699	12835.679640	78.374569
1.875862	12832.970838	77.893746
1.877025	12830.252782	77.415365
1.878188	12827.525318	76.939410
1.879351	12824.788291	76.465863
1.880515	12822.041548	75.994708
1.881678	12819.284933	75.525929
1.882841	12816.518293	75.059509
1.884004	12813.741473	74.595431
1.885167	12810.954318	74.133681
1.886330	12808.156675	73.674242
1.887493	12805.348395	73.217099
1.888657	12802.530648	72.762288
1.889820	12799.704275	72.309833
1.890983	12796.869085	71.859715
1.892146	12794.024885	71.411917
1.893309	12791.171484	70.966420
1.894472	12788.308690	70.523208
1.895636	12785.436310	70.082262
1.896799	12782.554153	69.643566
1.897962	12779.662026	69.207103
1.899125	12776.759738	68.772856
1.900288	12773.847097	68.340809
1.901451	12770.923911	67.910945
1.902615	12767.989988	67.483248
1.903778	12765.045135	67.057703
1.904941	12762.089161	66.634293
1.906104	12759.121874	66.213003
1.907267	12756.143082	65.793817
1.908430	12753.152593	65.376721
1.909594	12750.150215	64.961699
1.910757	12747.135756	64.548736
1.911920	12744.110215	64.137859
1.913083	12741.075001	63.729108
1.914246	12738.029883	63.322464
1.915409	12734.974619	62.917912
1.916573	12731.908967	62.515435
1.917736	12728.832685	62.115016
1.918899	12725.745532	61.716639
1.920062	12722.647266	61.320288
1.921225	12719.537646	60.925947
1.922388	12716.416429	60.533601
1.923552	12713.283373	60.143233
1.924715	12710.138239	59.754828
1.925878	12706.980782	59.368372
1.927041	12703.810763	58.983850
1.928204	12700.627939	58.601246
1.929367	12697.432068	58.220547
1.930531	12694.222909	57.841738
1.931694	12691.000220	57.464805
1.932857	12687.763760	57.089733
1.934020	12684.513855	56.716528
1.935183	12681.252799	56.345255
1.936346	12677.980597	55.975907
1.937510	12674.696942	55.608465
1.938673	12671.401526	55.242911
1.939836	12668.094043	54.879227
1.940999	12664.774185	54.517396
1.942162	12661.441644	54.157401
1.943325	12658.096114	53.799225
1.944488	12654.737287	53.442851
1.945652	12651.364855	53.088262
1.946815	12647.978512	52.735443
1.947978	12644.577950	52.384378
1.949141	12641.162861	52.035049
1.950304	12637.732938	51.687443
1.951467	12634.287875	51.341544
1.952631	12630.827363	50.997337
1.953794	12627.351095	50.654806
1.954957	12623.858774	50.313938
1.956120	12620.352450	49.974788
1.957283	12616.833581	49.637392
1.958446	12613.301771	49.301732
1.959610	12609.756624	48.967791
1.960773	12606.197742	48.635551
1.961936	12602.624730	48.304995
1.963099	12599.037192	47.976107
1.964262	12595.434732	47.648869
1.965425	12591.816953	47.323266
1.966589	12588.183458	46.999280
1.967752	12584.533853	46.676897
1.968915	12580.867740	46.356101
1.970078	12577.184724	46.036877
1.971241	12573.484408	45.719209
1.972404	12569.766396	45.403083
1.973568	12566.030291	45.088484
1.974731	12562.275698	44.775397
1.975894	12558.502669	44.463821
1.977057	12554.714633	44.153840
1.978220	12550.911971	43.845456
1.979383	12547.094164	43.538652
1.980547	12543.260697	43.233410
1.981710	12539.411053	42.929711
1.982873	12535.544714	42.627537
1.984036	12531.661164	42.326871
1.985199	12527.759887	42.027695
1.986362	12523.840366	41.729994
1.987526	12519.902083	41.433750
1.988689	12515.944522	41.138948
1.989852	12511.967167	40.845570
1.991015	12507.969500	40.553602
1.992178	12503.951005	40.263029
1.993341	12499.911164	39.973834
1.994505	12495.849462	39.686004
1.995668	12491.766714	39.399556
1.996831	12487.667058	39.114585
1.997994	12483.550231	38.831081
1.999157	12479.415546	38.549022
2.000320	12475.262319	38.268387
2.001483	12471.089864	37.989156
2.002647	12466.897495	37.711310
2.003810	12462.684529	37.434827
2.004973	12458.450279	37.159690
2.006136	12454.194059	36.885880
2.007299	12449.915186	36.613378
2.008462	12445.612972	36.342165
2.009626	12441.286734	36.072225
2.010789	12436.935786	35.803541
2.011952	12432.559442	35.536094
2.013115	12428.157017	35.269869
2.014278	12423.730201	35.004901
2.015441	12419.283760	34.741293
2.016605	12414.817005	34.479026
2.017768	12410.329009	34.218078
2.018931	12405.818847	33.958425
2.020094	12401.285594	33.700046
2.021257	12396.728325	33.442920
2.022420	12392.146114	33.187026
2.023584	12387.538037	32.932342
2.024747	12382.903168	32.678850
2.025910	12378.240581	32.426529
2.027073	12373.549352	32.175361
2.028236	12368.828556	31.925326
2.029399	12364.077266	31.676406
2.030563	12359.294559	31.428585
2.031726	12354.482800	31.181907
2.032889	12349.647852	30.936489
2.034052	12344.788669	30.692306
2.035215	12339.903977	30.449332
2.036378	12334.992500	30.207541
2.037542	12330.052965	29.966908
2.038705	12325.084097	29.727407
2.039868	12320.084621	29.489015
2.041031	12315.053264	29.251708
2.042194	12309.988750	29.015462
2.043357	12304.889805	28.780256
2.044521	12299.755155	28.546067
2.045684	12294.583524	28.312875
2.046847	12289.373640	28.080657
2.048010	12284.128017	27.849465
2.049173	12278.854564	27.619442
2.050336	12273.551938	27.390562
2.051499	12268.218346	27.162793
2.052663	12262.851993	26.936101
2.053826	12257.451085	26.710454
2.054989	12252.013828	26.485822
2.056152	12246.538428	26.262174
2.057315	12241.023091	26.039481
2.058478	12235.466022	25.817715
2.059642	12229.865427	25.596847
2.060805	12224.219513	25.376851
2.061968	12218.526485	25.157700
2.063131	12212.788140	24.939429
2.064294	12207.015669	24.722228
2.065457	12201.207759	24.506075
2.066621	12195.361822	24.290930
2.067784	12189.475268	24.076755
2.068947	12183.545510	23.863510
2.070110	12177.569959	23.651158
2.071273	12171.546027	23.439664
2.072436	12165.471126	23.228992
2.073600	12159.342666	23.019109
2.074763	12153.158061	22.809982
2.075926	12146.914720	22.601578
2.077089	12140.612572	22.393906
2.078252	12134.267056	22.187207
2.079415	12127.878111	21.981482
2.080579	12121.441897	21.776677
2.081742	12114.954572	21.572737
2.082905	12108.412296	21.369609
2.084068	12101.811227	21.167245
2.085231	12095.147524	20.965594
2.086394	12088.417346	20.764610
2.087558	12081.616851	20.564246
2.088721	12074.742200	20.364460
2.089884	12067.790364	20.165219
2.091047	12060.780072	19.966803
2.092210	12053.716181	19.769286
2.093373	12046.592804	19.572591
2.094537	12039.404054	19.376643
2.095700	12032.144044	19.181370
2.096863	12024.806888	18.986701
2.098026	12017.386697	18.792570
2.099189	12009.877586	18.598910
2.100352	12002.273666	18.405661
2.101516	11994.569052	18.212761
2.102679	11986.778723	18.020423
2.103842	11978.921984	17.828913
2.105005	11970.989571	17.638119
2.106168	11962.972092	17.447935
2.107331	11954.860157	17.258257
2.108494	11946.644376	17.068985
2.109658	11938.315359	16.880024
2.110821	11929.863714	16.691281
2.111984	11921.280051	16.502669
2.113147	11912.567279	16.314251
2.114310	11903.766846	16.126547
2.115473	11894.869450	15.939461
2.116637	11885.859395	15.752823
2.117800	11876.720987	15.566472
2.118963	11867.438530	15.380251
2.120126	11857.996329	15.194012
2.121289	11848.378688	15.007611
2.122452	11838.571750	14.820934
2.123616	11828.629853	14.634633
2.124779	11818.564289	14.448856
2.125942	11808.347279	14.263324
2.127105	11797.951045	14.077765
2.128268	11787.347806	13.891920
2.129431	11776.509785	13.705543
2.130595	11765.409201	13.518400
2.131758	11754.063455	13.330737
2.132921	11742.558288	13.143499
2.134084	11730.848673	12.956259
2.135247	11718.881839	12.768535
2.136410	11706.605012	12.579864
2.137574	11693.965420	12.389809
2.138737	11680.914877	12.198001
2.139900	11667.591281	12.005884
2.141063	11654.000842	11.813586
2.142226	11640.033766	11.620138
2.143389	11625.580258	11.424624
2.144553	11610.530522	11.226178
2.145716	11594.861591	11.024777
2.146879	11578.842460	10.823021
2.148042	11562.280690	10.619302
2.149205	11544.918037	10.411537
2.150368	11526.496258	10.197775
2.151532	11507.164626	9.979644
2.152695	11487.183155	9.759621
2.153858	11465.850439	9.532191
2.155021	11442.443947	9.292066
2.156184	11417.663210	9.045621
2.157347	11390.988260	8.789376
2.158511	11359.788365	8.504258
2.159674	11326.213104	8.208386
2.160837	11283.040848	7.851208
2.162000	11231.584538	7.451852
