1.000000	12605.181909	3627.659772
1.001108	12605.120743	3605.432908
1.002216	12605.058590	3583.357128
1.003324	12604.995438	3561.431300
1.004432	12604.931278	3539.654295
1.005541	12604.866099	3518.025000
1.006649	12604.799891	3496.542308
1.007757	12604.732643	3475.205120
1.008865	12604.664344	3454.012350
1.009973	12604.594984	3432.962917
1.011081	12604.524552	3412.055753
1.012189	12604.453038	3391.289795
1.013297	12604.380432	3370.663991
1.014405	12604.306722	3350.177299
1.015514	12604.231899	3329.828682
1.016622	12604.155951	3309.617116
1.017730	12604.078868	3289.541582
1.018838	12604.000640	3269.601070
1.019946	12603.921257	3249.794581
1.021054	12603.840706	3230.121121
1.022162	12603.758979	3210.579706
1.023270	12603.676064	3191.169360
1.024378	12603.591951	3171.889114
1.025486	12603.506630	3152.738009
1.026595	12603.420089	3133.715091
1.027703	12603.332319	3114.819417
1.028811	12603.243309	3096.050050
1.029919	12603.153063	3077.406016
1.031027	12603.061709	3058.886002
1.032135	12602.969269	3040.489013
1.033243	12602.875735	3022.214153
1.034351	12602.781095	3004.060537
1.035459	12602.685340	2986.027286
1.036568	12602.588461	2968.113528
1.037676	12602.490446	2950.318396
1.038784	12602.391288	2932.641034
1.039892	12602.290975	2915.080590
1.041000	12602.189497	2897.636219
1.042108	12602.086846	2880.307084
1.043216	12601.983011	2863.092354
1.044324	12601.877982	2845.991204
1.045432	12601.771749	2829.002817
1.046541	12601.664303	2812.126381
1.047649	12601.555634	2795.361093
1.048757	12601.445731	2778.706153
1.049865	12601.334585	2762.160769
1.050973	12601.222186	2745.724157
1.052081	12601.108525	2729.395537
1.053189	12600.993591	2713.174135
1.054297	12600.877374	2697.059184
1.055405	12600.759865	2681.049925
1.056514	12600.641054	2665.145601
1.057622	12600.520930	2649.345463
1.058730	12600.399485	2633.648770
1.059838	12600.276708	2618.054783
1.060946	12600.152672	2602.562581
1.062054	12600.027462	2587.171216
1.063162	12599.901068	2571.879963
1.064270	12599.773482	2556.688105
1.065378	12599.644693	2541.594927
1.066486	12599.514692	2526.599723
1.067595	12599.383471	2511.701791
1.068703	12599.251019	2496.900435
1.069811	12599.117327	2482.194966
1.070919	12598.982386	2467.584697
1.072027	12598.846186	2453.068950
1.073135	12598.708718	2438.647051
1.074243	12598.569973	2424.318331
1.075351	12598.429941	2410.082127
1.076459	12598.288612	2395.937782
1.077568	12598.145978	2381.884641
1.078676	12598.002028	2367.922058
1.079784	12597.856754	2354.049391
1.080892	12597.710147	2340.266001
1.082000	12597.562195	2326.571257
1.083108	12597.412891	2312.964532
1.084216	12597.262225	2299.445203
1.085324	12597.110187	2286.012652
1.086432	12596.956768	2272.666268
1.087541	12596.801959	2259.405442
1.088649	12596.645750	2246.229572
1.089757	12596.488132	2233.138059
1.090865	12596.329101	2220.130301
1.091973	12596.168765	2207.205530
1.093081	12596.007161	2194.363092
1.094189	12595.844280	2181.602409
1.095297	12595.680114	2168.922910
1.096405	12595.514654	2156.324026
1.097514	12595.347891	2143.805194
1.098622	12595.179817	2131.365855
1.099730	12595.010421	2119.005453
1.100838	12594.839697	2106.723440
1.101946	12594.667634	2094.519267
1.103054	12594.494224	2082.392395
1.104162	12594.319458	2070.342284
1.105270	12594.143328	2058.368401
1.106378	12593.965824	2046.470218
1.107486	12593.786938	2034.647209
1.108595	12593.606660	2022.898852
1.109703	12593.424983	2011.224630
1.110811	12593.241897	1999.624031
1.111919	12593.057393	1988.096544
1.113027	12592.871463	1976.641666
1.114135	12592.684098	1965.258894
1.115243	12592.495288	1953.947730
1.116351	12592.305026	1942.707682
1.117459	12592.113302	1931.538260
1.118568	12591.920107	1920.438976
1.119676	12591.725434	1909.409349
1.120784	12591.529272	1898.448901
1.121892	12591.331621	1887.557143
1.123000	12591.132589	1876.733429
1.124108	12590.932205	1865.977240
1.125216	12590.730460	1855.288118
1.126324	12590.527346	1844.665607
1.127432	12590.322854	1834.109257
1.128541	12590.116977	1823.618618
1.129649	12589.909704	1813.193246
1.130757	12589.701028	1802.832700
1.131865	12589.490941	1792.536542
1.132973	12589.279433	1782.304337
1.134081	12589.066496	1772.135652
1.135189	12588.852122	1762.030061
1.136297	12588.636302	1751.987138
1.137405	12588.419028	1742.006461
1.138514	12588.200291	1732.087611
1.139622	12587.980082	1722.230173
1.140730	12587.758393	1712.433734
1.141838	12587.535216	1702.697884
1.142946	12587.310541	1693.022218
1.144054	12587.084361	1683.406331
1.145162	12586.856667	1673.849824
1.146270	12586.627450	1664.352298
1.147378	12586.396702	1654.913360
1.148486	12586.164414	1645.532617
1.149595	12585.930578	1636.209682
1.150703	12585.695185	1626.944168
1.151811	12585.458227	1617.735693
1.152919	12585.219697	1608.583873
1.154027	12584.979693	1599.488207
1.155135	12584.738259	1590.448255
1.156243	12584.495389	1581.463641
1.157351	12584.251072	1572.533995
1.158459	12584.005300	1563.658948
1.159568	12583.758065	1554.838133
1.160676	12583.509358	1546.071188
1.161784	12583.259169	1537.357753
1.162892	12583.007491	1528.697469
1.164000	12582.754314	1520.089983
1.165108	12582.499630	1511.534940
1.166216	12582.243429	1503.031992
1.167324	12581.985704	1494.580791
1.168432	12581.726445	1486.180993
1.169541	12581.465644	1477.832256
1.170649	12581.203292	1469.534240
1.171757	12580.939380	1461.286609
1.172865	12580.673899	1453.089027
1.173973	12580.406841	1444.941163
1.175081	12580.138196	1436.842688
1.176189	12579.867957	1428.793274
1.177297	12579.596114	1420.792596
1.178405	12579.322659	1412.840333
1.179514	12579.047583	1404.936164
1.180622	12578.770877	1397.079772
1.181730	12578.492532	1389.270842
1.182838	12578.212539	1381.509060
1.183946	12577.930891	1373.794117
1.185054	12577.647640	1366.125657
1.186162	12577.362878	1358.503302
1.187270	12577.076599	1350.926747
1.188378	12576.788794	1343.395691
1.189486	12576.499454	1335.909837
1.190595	12576.208570	1328.468888
1.191703	12575.916135	1321.072549
1.192811	12575.622138	1313.720530
1.193919	12575.326572	1306.412539
1.195027	12575.029428	1299.148290
1.196135	12574.730697	1291.927498
1.197243	12574.430370	1284.749877
1.198351	12574.128439	1277.615148
1.199459	12573.824896	1270.523030
1.200568	12573.519730	1263.473246
1.201676	12573.212935	1256.465522
1.202784	12572.904501	1249.499583
1.203892	12572.594419	1242.575158
1.205000	12572.282681	1235.691977
1.206108	12571.969279	1228.849775
1.207216	12571.654202	1222.048283
1.208324	12571.337444	1215.287240
1.209432	12571.018995	1208.566384
1.210541	12570.698846	1201.885454
1.211649	12570.376989	1195.244192
1.212757	12570.053415	1188.642343
1.213865	12569.728116	1182.079653
1.214973	12569.401082	1175.555868
1.216081	12569.072322	1169.070729
1.217189	12568.741950	1162.623918
1.218297	12568.409985	1156.215171
1.219405	12568.076417	1149.844244
1.220514	12567.741238	1143.510894
1.221622	12567.404439	1137.214879
1.222730	12567.066011	1130.955958
1.223838	12566.725944	1124.733895
1.224946	12566.384231	1118.548452
1.226054	12566.040861	1112.399395
1.227162	12565.695827	1106.286490
1.228270	12565.349119	1100.209507
1.229378	12565.000728	1094.168215
1.230486	12564.650645	1088.162387
1.231595	12564.298861	1082.191796
1.232703	12563.945368	1076.256216
1.233811	12563.590156	1070.355426
1.234919	12563.233216	1064.489202
1.236027	12562.874540	1058.657326
1.237135	12562.514119	1052.859578
1.238243	12562.151943	1047.095741
1.239351	12561.788004	1041.365601
1.240459	12561.422292	1035.668942
1.241568	12561.054799	1030.005553
1.242676	12560.685517	1024.375223
1.243784	12560.314434	1018.777742
1.244892	12559.941544	1013.212902
1.246000	12559.566837	1007.680497
1.247108	12559.190304	1002.180322
1.248216	12558.812008	996.712142
1.249324	12558.432040	991.275713
1.250432	12558.050394	985.870833
1.251541	12557.667058	980.497305
1.252649	12557.282024	975.154931
1.253757	12556.895283	969.843514
1.254865	12556.506824	964.562861
1.255973	12556.116640	959.312778
1.257081	12555.724720	954.093073
1.258189	12555.331054	948.903557
1.259297	12554.935635	943.744038
1.260405	12554.538452	938.614331
1.261514	12554.139496	933.514248
1.262622	12553.738758	928.443604
1.263730	12553.336228	923.402215
1.264838	12552.931897	918.389898
1.265946	12552.525756	913.406473
1.267054	12552.117795	908.451758
1.268162	12551.708006	903.525575
1.269270	12551.296378	898.627747
1.270378	12550.882902	893.758096
1.271486	12550.467569	888.916448
1.272595	12550.050370	884.102628
1.273703	12549.631295	879.316465
1.274811	12549.210335	874.557786
1.275919	12548.787481	869.826420
1.277027	12548.362723	865.122200
1.278135	12547.936052	860.444955
1.279243	12547.507469	855.794518
1.280351	12547.077098	851.170692
1.281459	12546.644968	846.573301
1.282568	12546.211070	842.002180
1.283676	12545.775393	837.457164
1.284784	12545.337929	832.938090
1.285892	12544.898667	828.444796
1.287000	12544.457597	823.977121
1.288108	12544.014709	819.534905
1.289216	12543.569993	815.117990
1.290324	12543.123439	810.726217
1.291432	12542.675038	806.359431
1.292541	12542.224779	802.017475
1.293649	12541.772653	797.700197
1.294757	12541.318649	793.407441
1.295865	12540.862758	789.139057
1.296973	12540.404969	784.894894
1.298081	12539.945273	780.674800
1.299189	12539.483660	776.478627
1.300297	12539.020120	772.306227
1.301405	12538.554643	768.157453
1.302514	12538.087218	764.032159
1.303622	12537.617836	759.930201
1.304730	12537.146488	755.851434
1.305838	12536.673163	751.795715
1.306946	12536.197850	747.762902
1.308054	12535.720541	743.752855
1.309162	12535.241226	739.765433
1.310270	12534.759894	735.800498
1.311378	12534.276590	731.857902
1.312486	12533.791440	727.937491
1.313595	12533.304437	724.039127
1.314703	12532.815572	720.162678
1.315811	12532.324834	716.308010
1.316919	12531.832212	712.474993
1.318027	12531.337695	708.663494
1.319135	12530.841273	704.873383
1.320243	12530.342936	701.104532
1.321351	12529.842672	697.356811
1.322459	12529.340472	693.630094
1.323568	12528.836324	689.924254
1.324676	12528.330218	686.239165
1.325784	12527.822143	682.574701
1.326892	12527.312090	678.930739
1.328000	12526.800046	675.307156
1.329108	12526.286001	671.703828
1.330216	12525.769946	668.120635
1.331324	12525.251869	664.557456
1.332432	12524.731759	661.014169
1.333541	12524.209607	657.490657
1.334649	12523.685401	653.986801
1.335757	12523.159131	650.502483
1.336865	12522.630786	647.037585
1.337973	12522.100356	643.591993
1.339081	12521.567830	640.165591
1.340189	12521.033197	636.758264
1.341297	12520.496447	633.369898
1.342405	12519.957574	630.000380
1.343514	12519.416706	626.649588
1.344622	12518.873898	623.317401
1.345730	12518.329137	620.003708
1.346838	12517.782413	616.708396
1.347946	12517.233714	613.431352
1.349054	12516.683028	610.172467
1.350162	12516.130345	606.931631
1.351270	12515.575653	603.708733
1.352378	12515.018940	600.503666
1.353486	12514.460195	597.316320
1.354595	12513.899407	594.146591
1.355703	12513.336563	590.994370
1.356811	12512.771654	587.859552
1.357919	12512.204666	584.742032
1.359027	12511.635590	581.641706
1.360135	12511.064413	578.558471
1.361243	12510.491124	575.492224
1.362351	12509.915711	572.442861
1.363459	12509.338164	569.410283
1.364568	12508.758470	566.394388
1.365676	12508.176618	563.395076
1.366784	12507.592598	560.412248
1.367892	12507.006396	557.445805
1.369000	12506.418003	554.495649
1.370108	12505.827406	551.561682
1.371216	12505.234595	548.643808
1.372324	12504.639557	545.741931
1.373432	12504.042281	542.855955
1.374541	12503.442818	539.985786
1.375649	12502.841314	537.131330
1.376757	12502.237764	534.292495
1.377865	12501.632156	531.469188
1.378973	12501.024475	528.661317
1.380081	12500.414711	525.868791
1.381189	12499.802850	523.091518
1.382297	12499.188880	520.329409
1.383405	12498.572787	517.582375
1.384514	12497.954560	514.850325
1.385622	12497.334186	512.133173
1.386730	12496.711651	509.430829
1.387838	12496.086944	506.743207
1.388946	12495.460051	504.070221
1.390054	12494.830961	501.411784
1.391162	12494.199660	498.767810
1.392270	12493.566135	496.138215
1.393378	12492.930375	493.522915
1.394486	12492.292366	490.921825
1.395595	12491.652095	488.334863
1.396703	12491.009551	485.761945
1.397811	12490.364720	483.202990
1.398919	12489.717590	480.657916
1.400027	12489.068148	478.126641
1.401135	12488.416382	475.609085
1.402243	12487.762278	473.105169
1.403351	12487.105824	470.614813
1.404459	12486.447008	468.137937
1.405568	12485.785836	465.674463
1.406676	12485.122479	463.224315
1.407784	12484.456971	460.787413
1.408892	12483.789297	458.363682
1.410000	12483.119444	455.953042
1.411108	12482.447397	453.555418
1.412216	12481.773143	451.170734
1.413324	12481.096667	448.798914
1.414432	12480.417956	446.439882
1.415541	12479.736996	444.093564
1.416649	12479.053772	441.759886
1.417757	12478.368271	439.438774
1.418865	12477.680479	437.130154
1.419973	12476.990382	434.833955
1.421081	12476.297966	432.550104
1.422189	12475.603217	430.278529
1.423297	12474.906121	428.019159
1.424405	12474.206664	425.771923
1.425514	12473.504832	423.536751
1.426622	12472.800611	421.313572
1.427730	12472.093988	419.102317
1.428838	12471.384948	416.902918
1.429946	12470.673477	414.715305
1.431054	12469.959561	412.539411
1.432162	12469.243187	410.375168
1.433270	12468.524341	408.222509
1.434378	12467.803008	406.081367
1.435486	12467.079174	403.951675
1.436595	12466.352832	401.833368
1.437703	12465.624150	399.726391
1.438811	12464.893198	397.630682
1.439919	12464.159962	395.546176
1.441027	12463.424424	393.472806
1.442135	12462.686571	391.410507
1.443243	12461.946386	389.359215
1.444351	12461.203855	387.318865
1.445459	12460.458962	385.289394
1.446568	12459.711692	383.270737
1.447676	12458.962030	381.262832
1.448784	12458.209959	379.265616
1.449892	12457.455465	377.279027
1.451000	12456.698532	375.303003
1.452108	12455.939146	373.337482
1.453216	12455.177290	371.382404
1.454324	12454.412949	369.437708
1.455432	12453.646108	367.503333
1.456541	12452.876752	365.579221
1.457649	12452.104865	363.665311
1.458757	12451.330432	361.761544
1.459865	12450.553438	359.867862
1.460973	12449.773866	357.984207
1.462081	12448.991703	356.110521
1.463189	12448.206932	354.246746
1.464297	12447.419538	352.392825
1.465405	12446.629506	350.548701
1.466514	12445.836820	348.714319
1.467622	12445.041473	346.889622
1.468730	12444.243658	345.074571
1.469838	12443.443444	343.269115
1.470946	12442.640813	341.473200
1.472054	12441.835750	339.686771
1.473162	12441.028236	337.909774
1.474270	12440.218254	336.142153
1.475378	12439.405786	334.383856
1.476486	12438.590816	332.634829
1.477595	12437.773326	330.895018
1.478703	12436.953298	329.164371
1.479811	12436.130715	327.442835
1.480919	12435.305560	325.730359
1.482027	12434.477816	324.026890
1.483135	12433.647464	322.332377
1.484243	12432.814488	320.646770
1.485351	12431.978871	318.970016
1.486459	12431.140594	317.302066
1.487568	12430.299641	315.642870
1.488676	12429.455994	313.992378
1.489784	12428.609636	312.350540
1.490892	12427.760550	310.717308
1.492000	12426.908717	309.092632
1.493108	12426.054122	307.476464
1.494216	12425.196745	305.868756
1.495324	12424.336571	304.269460
1.496432	12423.473581	302.678528
1.497541	12422.607759	301.095914
1.498649	12421.739133	299.521572
1.499757	12420.867940	297.955469
1.500865	12419.994199	296.397562
1.501973	12419.117891	294.847803
1.503081	12418.238996	293.306147
1.504189	12417.357495	291.772547
1.505297	12416.473366	290.246959
1.506405	12415.586591	288.729336
1.507514	12414.697150	287.219635
1.508622	12413.805024	285.717810
1.509730	12412.910192	284.223817
1.510838	12412.012634	282.737613
1.511946	12411.112332	281.259153
1.513054	12410.209265	279.788394
1.514162	12409.303413	278.325293
1.515270	12408.394757	276.869806
1.516378	12407.483277	275.421892
1.517486	12406.568954	273.981508
1.518595	12405.651767	272.548612
1.519703	12404.731697	271.123161
1.520811	12403.808724	269.705115
1.521919	12402.882829	268.294433
1.523027	12401.953991	266.891072
1.524135	12401.022191	265.494992
1.525243	12400.087409	264.106154
1.526351	12399.149626	262.724516
1.527459	12398.208821	261.350039
1.528568	12397.264978	259.982683
1.529676	12396.318302	258.622428
1.530784	12395.368924	257.269246
1.531892	12394.416821	255.923095
1.533000	12393.461971	254.583935
1.534108	12392.504352	253.251724
1.535216	12391.543942	251.926421
1.536324	12390.580719	250.607987
1.537432	12389.614659	249.296380
1.538541	12388.645742	247.991561
1.539649	12387.673944	246.693491
1.540757	12386.699245	245.402130
1.541865	12385.721620	244.117439
1.542973	12384.741049	242.839379
1.544081	12383.757509	241.567912
1.545189	12382.770977	240.302999
1.546297	12381.781432	239.044602
1.547405	12380.788851	237.792684
1.548514	12379.793213	236.547207
1.549622	12378.794494	235.308135
1.550730	12377.792673	234.075429
1.551838	12376.787728	232.849053
1.552946	12375.779636	231.628971
1.554054	12374.768375	230.415146
1.555162	12373.753922	229.207543
1.556270	12372.736257	228.006126
1.557378	12371.715355	226.810859
1.558486	12370.691197	225.621707
1.559595	12369.663987	224.438652
1.560703	12368.633899	223.261674
1.561811	12367.600907	222.090741
1.562919	12366.564986	220.925819
1.564027	12365.526110	219.766875
1.565135	12364.484253	218.613876
1.566243	12363.439391	217.466789
1.567351	12362.391498	216.325583
1.568459	12361.340547	215.190224
1.569568	12360.286515	214.060681
1.570676	12359.229374	212.936922
1.571784	12358.169100	211.818915
1.572892	12357.105666	210.706629
1.574000	12356.039049	209.600033
1.575108	12354.969221	208.499096
1.576216	12353.896158	207.403786
1.577324	12352.819833	206.314074
1.578432	12351.740222	205.229929
1.579541	12350.657299	204.151320
1.580649	12349.571038	203.078218
1.581757	12348.481414	202.010593
1.582865	12347.388402	200.948415
1.583973	12346.291975	199.891654
1.585081	12345.192108	198.840282
1.586189	12344.088776	197.794269
1.587297	12342.981953	196.753586
1.588405	12341.871645	195.718206
1.589514	12340.758178	194.688121
1.590622	12339.641623	193.663305
1.591730	12338.521951	192.643729
1.592838	12337.399131	191.629362
1.593946	12336.273135	190.620174
1.595054	12335.143933	189.616137
1.596162	12334.011496	188.617220
1.597270	12332.875794	187.623395
1.598378	12331.736798	186.634631
1.599486	12330.594478	185.650902
1.600595	12329.448805	184.672177
1.601703	12328.299749	183.698428
1.602811	12327.147282	182.729628
1.603919	12325.991373	181.765748
1.605027	12324.831994	180.806761
1.606135	12323.669114	179.852638
1.607243	12322.502704	178.903352
1.608351	12321.332735	177.958877
1.609459	12320.159178	177.019184
1.610568	12318.982003	176.084247
1.611676	12317.801180	175.154039
1.612784	12316.616680	174.228534
1.613892	12315.428474	173.307705
1.615000	12314.236532	172.391527
1.616108	12313.040825	171.479972
1.617216	12311.841326	170.573016
1.618324	12310.638335	169.670658
1.619432	12309.432036	168.772888
1.620541	12308.222394	167.879680
1.621649	12307.009376	166.991007
1.622757	12305.792948	166.106842
1.623865	12304.573075	165.227161
1.624973	12303.349724	164.351935
1.626081	12302.122860	163.481141
1.627189	12300.892448	162.614751
1.628297	12299.658456	161.752742
1.629405	12298.420849	160.895087
1.630514	12297.179592	160.041761
1.631622	12295.934652	159.192740
1.632730	12294.685994	158.347999
1.633838	12293.433585	157.507513
1.634946	12292.177390	156.671258
1.636054	12290.917376	155.839209
1.637162	12289.653507	155.011344
1.638270	12288.385750	154.187637
1.639378	12287.114071	153.368065
1.640486	12285.838436	152.552605
1.641595	12284.558811	151.741233
1.642703	12283.275161	150.933926
1.643811	12281.987452	150.130661
1.644919	12280.695651	149.331415
1.646027	12279.399758	148.536168
1.647135	12278.100192	147.744925
1.648243	12276.797050	146.957674
1.649351	12275.490292	146.174390
1.650459	12274.179879	145.395053
1.651568	12272.865772	144.619639
1.652676	12271.547929	143.848128
1.653784	12270.226313	143.080496
1.654892	12268.900883	142.316722
1.656000	12267.571600	141.556785
1.657108	12266.238424	140.800662
1.658216	12264.901315	140.048334
1.659324	12263.560235	139.299778
1.660432	12262.215143	138.554974
1.661541	12260.866000	137.813901
1.662649	12259.512766	137.076537
1.663757	12258.155401	136.342864
1.664865	12256.793867	135.612859
1.665973	12255.428123	134.886503
1.667081	12254.058130	134.163776
1.668189	12252.683848	133.444657
1.669297	12251.305238	132.729127
1.670405	12249.922260	132.017166
1.671514	12248.534874	131.308755
1.672622	12247.143041	130.603873
1.673730	12245.746724	129.902502
1.674838	12244.346297	129.204645
1.675946	12242.942013	128.510297
1.677054	12241.533826	127.819439
1.678162	12240.121689	127.132049
1.679270	12238.705557	126.448109
1.680378	12237.285381	125.767596
1.681486	12235.861116	125.090493
1.682595	12234.432715	124.416779
1.683703	12233.000131	123.746435
1.684811	12231.563317	123.079441
1.685919	12230.122228	122.415778
1.687027	12228.676816	121.755426
1.688135	12227.227034	121.098368
1.689243	12225.772836	120.444584
1.690351	12224.314176	119.794055
1.691459	12222.851006	119.146763
1.692568	12221.383281	118.502690
1.693676	12219.910953	117.861816
1.694784	12218.433975	117.224124
1.695892	12216.952302	116.589597
1.697000	12215.465886	115.958215
1.698108	12213.974681	115.329961
1.699216	12212.478640	114.704818
1.700324	12210.977717	114.082769
1.701432	12209.471927	113.463798
1.702541	12207.961832	112.847922
1.703649	12206.447530	112.235131
1.704757	12204.928967	111.625407
1.705865	12203.406087	111.018731
1.706973	12201.878834	110.415086
1.708081	12200.347155	109.814452
1.709189	12198.810992	109.216814
1.710297	12197.270291	108.622152
1.711405	12195.724998	108.030449
1.712514	12194.175055	107.441689
1.713622	12192.620409	106.855852
1.714730	12191.061003	106.272924
1.715838	12189.496783	105.692885
1.716946	12187.927693	105.115720
1.718054	12186.353679	104.541412
1.719162	12184.774684	103.969944
1.720270	12183.190653	103.401300
1.721378	12181.601531	102.835463
1.722486	12180.007264	102.272417
1.723595	12178.407794	101.712146
1.724703	12176.803068	101.154633
1.725811	12175.193030	100.599864
1.726919	12173.577625	100.047822
1.728027	12171.956837	99.498493
1.729135	12170.331283	98.951895
1.730243	12168.701139	98.408023
1.731351	12167.066338	97.866861
1.732459	12165.426817	97.328393
1.733568	12163.782508	96.792602
1.734676	12162.133347	96.259473
1.735784	12160.479269	95.728990
1.736892	12158.820208	95.201138
1.738000	12157.156098	94.675900
1.739108	12155.486874	94.153262
1.740216	12153.812472	93.633208
1.741324	12152.132824	93.115723
1.742432	12150.447867	92.600792
1.743541	12148.757534	92.088401
1.744649	12147.061760	91.578533
1.745757	12145.360480	91.071176
1.746865	12143.653629	90.566313
1.747973	12141.941140	90.063932
1.749081	12140.222949	89.564016
1.750189	12138.498990	89.066553
1.751297	12136.769198	88.571528
1.752405	12135.033507	88.078927
1.753514	12133.291852	87.588736
1.754622	12131.544544	87.100959
1.755730	12129.792223	86.615613
1.756838	12128.034827	86.132683
1.757946	12126.272277	85.652154
1.759054	12124.504494	85.174012
1.760162	12122.731401	84.698240
1.761270	12120.952917	84.224825
1.762378	12119.168965	83.753750
1.763486	12117.379465	83.285003
1.764595	12115.584340	82.818568
1.765703	12113.783510	82.354430
1.766811	12111.976896	81.892577
1.767919	12110.164421	81.432993
1.769027	12108.346006	80.975664
1.770135	12106.521571	80.520577
1.771243	12104.691038	80.067717
1.772351	12102.854329	79.617072
1.773459	12101.011364	79.168628
1.774568	12099.162066	78.722371
1.775676	12097.306355	78.278287
1.776784	12095.444154	77.836365
1.777892	12093.575382	77.396590
1.779000	12091.699962	76.958950
1.780108	12089.818502	76.523460
1.781216	12087.931519	76.090131
1.782324	12086.038917	75.658950
1.783432	12084.140601	75.229903
1.784541	12082.236475	74.802976
1.785649	12080.326444	74.378156
1.786757	12078.410414	73.955431
1.787865	12076.488288	73.534786
1.788973	12074.559972	73.116210
1.790081	12072.625370	72.699688
1.791189	12070.684386	72.285209
1.792297	12068.736926	71.872760
1.793405	12066.782894	71.462328
1.794514	12064.822195	71.053900
1.795622	12062.854734	70.647465
1.796730	12060.880415	70.243011
1.797838	12058.899142	69.840524
1.798946	12056.910822	69.439994
1.800054	12054.915357	69.041409
1.801162	12052.912654	68.644756
1.802270	12050.902616	68.250024
1.803378	12048.885149	67.857202
1.804486	12046.860829	67.466302
1.805595	12044.830394	67.077343
1.806703	12042.793731	66.690311
1.807811	12040.750723	66.305194
1.808919	12038.701256	65.921978
1.810027	12036.645212	65.540650
1.811135	12034.582476	65.161199
1.812243	12032.512931	64.783611
1.813351	12030.436463	64.407874
1.814459	12028.352955	64.033975
1.815568	12026.262291	63.661903
1.816676	12024.164355	63.291645
1.817784	12022.059031	62.923189
1.818892	12019.946203	62.556524
1.820000	12017.825755	62.191638
1.821108	12015.697571	61.828519
1.822216	12013.561536	61.467155
1.823324	12011.417533	61.107535
1.824432	12009.265446	60.749649
1.825541	12007.105160	60.393484
1.826649	12004.936558	60.039031
1.827757	12002.759832	59.686287
1.828865	12000.576194	59.335288
1.829973	11998.385656	58.986026
1.831081	11996.188076	58.638489
1.832189	11993.983311	58.292664
1.833297	11991.771218	57.948540
1.834405	11989.551653	57.606103
1.835514	11987.324474	57.265343
1.836622	11985.089538	56.926247
1.837730	11982.846701	56.588804
1.838838	11980.595821	56.253003
1.839946	11978.336755	55.918831
1.841054	11976.069359	55.586277
1.842162	11973.793491	55.255331
1.843270	11971.509007	54.925981
1.844378	11969.215765	54.598216
1.845486	11966.913621	54.272026
1.846595	11964.602432	53.947399
1.847703	11962.282056	53.624326
1.848811	11959.952349	53.302795
1.849919	11957.613168	52.982797
1.851027	11955.265427	52.664353
1.852135	11952.910044	52.347485
1.853243	11950.546842	52.032180
1.854351	11948.175645	51.718428
1.855459	11945.796275	51.406216
1.856568	11943.408553	51.095532
1.857676	11941.012304	50.786366
1.858784	11938.607349	50.478704
1.859892	11936.193510	50.172537
1.861000	11933.770611	49.867854
1.862108	11931.338474	49.564642
1.863216	11928.896921	49.262891
1.864324	11926.445775	48.962591
1.865432	11923.984858	48.663730
1.866541	11921.513993	48.366299
1.867649	11919.033003	48.070287
1.868757	11916.541710	47.775684
1.869865	11914.039937	47.482479
1.870973	11911.527505	47.190662
1.872081	11909.004286	46.900226
1.873189	11906.471786	46.611207
1.874297	11903.930627	46.323617
1.875405	11901.380586	46.037444
1.876514	11898.821439	45.752676
1.877622	11896.252963	45.469301
1.878730	11893.674933	45.187307
1.879838	11891.087126	44.906683
1.880946	11888.489318	44.627417
1.882054	11885.881286	44.349499
1.883162	11883.262805	44.072917
1.884270	11880.633652	43.797660
1.885378	11877.993603	43.523718
1.886486	11875.342435	43.251079
1.887595	11872.679924	42.979734
1.888703	11870.005845	42.709671
1.889811	11867.319976	42.440881
1.890919	11864.622093	42.173354
1.892027	11861.911971	41.907079
1.893135	11859.189456	41.642049
1.894243	11856.456390	41.378305
1.895351	11853.713474	41.115862
1.896459	11850.960423	40.854706
1.897568	11848.196954	40.594826
1.898676	11845.422784	40.336211
1.899784	11842.637629	40.078849
1.900892	11839.841205	39.822728
1.902000	11837.033229	39.567838
1.903108	11834.213416	39.314167
1.904216	11831.381485	39.061705
1.905324	11828.537150	38.810441
1.906432	11825.680128	38.560364
1.907541	11822.810136	38.311464
1.908649	11819.926890	38.063731
1.909757	11817.030106	37.817155
1.910865	11814.119501	37.571726
1.911973	11811.194791	37.327434
1.913081	11808.255701	37.084269
1.914189	11805.304070	36.842272
1.915297	11802.341217	36.601470
1.916405	11799.366777	36.361848
1.917514	11796.380384	36.123394
1.918622	11793.381672	35.886097
1.919730	11790.370277	35.649942
1.920838	11787.345834	35.414919
1.921946	11784.307976	35.181015
1.923054	11781.256339	34.948218
1.924162	11778.190557	34.716517
1.925270	11775.110265	34.485900
1.926378	11772.015097	34.256357
1.927486	11768.904689	34.027875
1.928595	11765.778676	33.800444
1.929703	11762.636690	33.574054
1.930811	11759.478369	33.348694
1.931919	11756.303345	33.124353
1.933027	11753.112672	32.901052
1.934135	11749.909081	32.678845
1.935243	11746.692212	32.457723
1.936351	11743.461586	32.237671
1.937459	11740.216726	32.018677
1.938568	11736.957154	31.800728
1.939676	11733.682392	31.583811
1.940784	11730.391961	31.367913
1.941892	11727.085385	31.153024
1.943000	11723.762185	30.939131
1.944108	11720.421883	30.726222
1.945216	11717.064002	30.514286
1.946324	11713.688062	30.303311
1.947432	11710.293588	30.093287
1.948541	11706.880100	29.884202
1.949649	11703.447120	29.676047
1.950757	11699.994564	29.468817
1.951865	11696.526200	29.262585
1.952973	11693.042589	29.057358
1.954081	11689.543096	28.853121
1.955189	11686.027090	28.649860
1.956297	11682.493938	28.447560
1.957405	11678.943007	28.246206
1.958514	11675.373663	28.045785
1.959622	11671.785275	27.846284
1.960730	11668.177210	27.647689
1.961838	11664.548834	27.449986
1.962946	11660.899516	27.253164
1.964054	11657.228621	27.057209
1.965162	11653.535519	26.862109
1.966270	11649.819575	26.667852
1.967378	11646.080157	26.474427
1.968486	11642.319252	26.281869
1.969595	11638.540762	26.090245
1.970703	11634.743923	25.899541
1.971811	11630.927884	25.709739
1.972919	11627.091791	25.520822
1.974027	11623.234793	25.332776
1.975135	11619.356036	25.145583
1.976243	11615.454667	24.959229
1.977351	11611.529834	24.773698
1.978459	11607.580683	24.588975
1.979568	11603.606364	24.405047
1.980676	11599.606021	24.221898
1.981784	11595.578803	24.039516
1.982892	11591.523858	23.857886
1.984000	11587.440566	23.677000
1.985108	11583.334385	23.496947
1.986216	11579.207046	23.317757
1.987324	11575.057375	23.139407
1.988432	11570.884198	22.961878
1.989541	11566.686341	22.785150
1.990649	11562.462631	22.609204
1.991757	11558.211894	22.434022
1.992865	11553.932956	22.259585
1.993973	11549.624644	22.085875
1.995081	11545.285784	21.912875
1.996189	11540.915203	21.740569
1.997297	11536.511726	21.568939
1.998405	11532.074180	21.397970
1.999514	11527.603003	21.227670
2.000622	11523.106073	21.058161
2.001730	11518.583228	20.889440
2.002838	11514.032821	20.721482
2.003946	11509.453202	20.554263
2.005054	11504.842724	20.387760
2.006162	11500.199740	20.221950
2.007270	11495.522600	20.056810
2.008378	11490.809656	19.892320
2.009486	11486.059262	19.728457
2.010595	11481.269768	19.565202
2.011703	11476.439526	19.402535
2.012811	11471.566888	19.240436
2.013919	11466.654389	19.078944
2.015027	11461.711429	18.918193
2.016135	11456.736295	18.758158
2.017243	11451.726616	18.598810
2.018351	11446.680026	18.440119
2.019459	11441.594154	18.282054
2.020568	11436.466631	18.124588
2.021676	11431.295090	17.967693
2.022784	11426.077160	17.811343
2.023892	11420.810474	17.655510
2.025000	11415.492662	17.500171
2.026108	11410.121355	17.345300
2.027216	11404.701985	17.190974
2.028324	11399.245321	17.037335
2.029432	11393.748126	16.884344
2.030541	11388.206896	16.731958
2.031649	11382.618128	16.580138
2.032757	11376.978317	16.428845
2.033865	11371.283961	16.278041
2.034973	11365.531555	16.127690
2.036081	11359.717596	15.977756
2.037189	11353.838580	15.828204
2.038297	11347.891003	15.679002
2.039405	11341.883423	15.530263
2.040514	11335.829142	15.382151
2.041622	11329.722975	15.234608
2.042730	11323.559565	15.087577
2.043838	11317.333556	14.941002
2.044946	11311.039593	14.794828
2.046054	11304.672320	14.649004
2.047162	11298.226380	14.503478
2.048270	11291.696417	14.358202
2.049378	11285.077075	14.213129
2.050486	11278.379017	14.068391
2.051595	11271.621452	13.924212
2.052703	11264.796286	13.780509
2.053811	11257.895029	13.637199
2.054919	11250.909189	13.494202
2.056027	11243.830275	13.351439
2.057135	11236.649796	13.208835
2.058243	11229.359261	13.066319
2.059351	11221.950180	12.923821
2.060459	11214.431924	12.781458
2.061568	11206.836224	12.639573
2.062676	11199.150964	12.498052
2.063784	11191.362070	12.356769
2.064892	11183.455470	12.215600
2.066000	11175.417089	12.074425
2.067108	11167.232855	11.933132
2.068216	11158.888693	11.791612
2.069324	11150.385387	11.649903
2.070432	11141.776689	11.508550
2.071541	11133.047831	11.367427
2.072649	11124.174131	11.226322
2.073757	11115.130907	11.085032
2.074865	11105.893476	10.943361
2.075973	11096.437158	10.801124
2.077081	11086.742567	10.658189
2.078189	11076.887942	10.515309
2.079297	11066.871952	10.372500
2.080405	11056.648299	10.229386
2.081514	11046.170687	10.085610
2.082622	11035.392819	9.940828
2.083730	11024.268398	9.794715
2.084838	11012.846682	9.647769
2.085946	11001.214424	9.500778
2.087054	10989.279727	9.353023
2.088162	10976.947953	9.203800
2.089270	10964.124467	9.052438
2.090378	10950.743435	8.898534
2.091486	10937.033618	8.744023
2.092595	10922.894687	8.588212
2.093703	10908.109291	8.429554
2.094811	10892.460080	8.266593
2.095919	10875.966576	8.099737
2.097027	10858.945556	7.931548
2.098135	10840.864015	7.758294
2.099243	10821.135303	7.576107
2.100351	10800.093243	7.387856
2.101459	10777.672251	7.193548
2.102568	10751.868406	6.980208
2.103676	10723.643978	6.755533
2.104784	10689.576375	6.498589
2.105892	10650.333877	6.216427
2.107000	10567.615339	5.686249
