1.000000	11959.603238	2381.889510
1.001054	11959.261773	2368.060403
1.002108	11958.920303	2354.320290
1.003162	11958.578809	2340.668538
1.004216	11958.237270	2327.104518
1.005270	11957.895666	2313.627606
1.006324	11957.553977	2300.237183
1.007378	11957.212183	2286.932634
1.008432	11956.870264	2273.713350
1.009486	11956.528200	2260.578727
1.010541	11956.185972	2247.528166
1.011595	11955.843558	2234.561071
1.012649	11955.500939	2221.676853
1.013703	11955.158096	2208.874926
1.014757	11954.815007	2196.154708
1.015811	11954.471675	2183.515605
1.016865	11954.128341	2170.956808
1.017919	11953.785066	2158.477688
1.018973	11953.441832	2146.077691
1.020027	11953.098620	2133.756267
1.021081	11952.755414	2121.512871
1.022135	11952.412195	2109.346962
1.023189	11952.068945	2097.258001
1.024243	11951.725647	2085.245458
1.025297	11951.382283	2073.308802
1.026351	11951.038834	2061.447510
1.027405	11950.695285	2049.661060
1.028459	11950.351615	2037.948935
1.029514	11950.007808	2026.310623
1.030568	11949.663846	2014.745616
1.031622	11949.319711	2003.253407
1.032676	11948.975386	1991.833497
1.033730	11948.630852	1980.485387
1.034784	11948.286091	1969.208585
1.035838	11947.941087	1958.002601
1.036892	11947.595820	1946.866948
1.037946	11947.250274	1935.801145
1.039000	11946.904431	1924.804713
1.040054	11946.558272	1913.877177
1.041108	11946.211779	1903.018066
1.042162	11945.864936	1892.226912
1.043216	11945.517725	1881.503251
1.044270	11945.170127	1870.846622
1.045324	11944.822124	1860.256569
1.046378	11944.473756	1849.732587
1.047432	11944.125248	1839.274015
1.048486	11943.776612	1828.880382
1.049541	11943.427832	1818.551244
1.050595	11943.078892	1808.286161
1.051649	11942.729775	1798.084696
1.052703	11942.380466	1787.946417
1.053757	11942.030947	1777.870893
1.054811	11941.681204	1767.857698
1.055865	11941.331219	1757.906408
1.056919	11940.980977	1748.016603
1.057973	11940.630462	1738.187865
1.059027	11940.279656	1728.419781
1.060081	11939.928544	1718.711941
1.061135	11939.577111	1709.063935
1.062189	11939.225338	1699.475361
1.063243	11938.873211	1689.945815
1.064297	11938.520714	1680.474900
1.065351	11938.167829	1671.062220
1.066405	11937.814541	1661.707382
1.067459	11937.460834	1652.409997
1.068514	11937.106691	1643.169678
1.069568	11936.752096	1633.986041
1.070622	11936.397033	1624.858705
1.071676	11936.041486	1615.787293
1.072730	11935.685439	1606.771429
1.073784	11935.328875	1597.810741
1.074838	11934.971778	1588.904858
1.075892	11934.614132	1580.053415
1.076946	11934.255970	1571.256011
1.078000	11933.897502	1562.512126
1.079054	11933.538740	1553.821384
1.080108	11933.179670	1545.183432
1.081162	11932.820277	1536.597918
1.082216	11932.460545	1528.064494
1.083270	11932.100460	1519.582816
1.084324	11931.740006	1511.152539
1.085378	11931.379170	1502.773324
1.086432	11931.017936	1494.444832
1.087486	11930.656289	1486.166728
1.088541	11930.294214	1477.938679
1.089595	11929.931697	1469.760354
1.090649	11929.568721	1461.631425
1.091703	11929.205274	1453.551567
1.092757	11928.841339	1445.520455
1.093811	11928.476901	1437.537770
1.094865	11928.111946	1429.603192
1.095919	11927.746459	1421.716405
1.096973	11927.380425	1413.877095
1.098027	11927.013829	1406.084950
1.099081	11926.646655	1398.339661
1.100135	11926.278890	1390.640922
1.101189	11925.910518	1382.988426
1.102243	11925.541525	1375.381871
1.103297	11925.171895	1367.820958
1.104351	11924.801613	1360.305386
1.105405	11924.430665	1352.834861
1.106459	11924.059035	1345.409089
1.107514	11923.686724	1338.027766
1.108568	11923.313922	1330.690472
1.109622	11922.940677	1323.396877
1.110676	11922.566975	1316.146701
1.111730	11922.192802	1308.939659
1.112784	11921.818144	1301.775474
1.113838	11921.442988	1294.653868
1.114892	11921.067319	1287.574566
1.115946	11920.691124	1280.537293
1.117000	11920.314388	1273.541779
1.118054	11919.937098	1266.587754
1.119108	11919.559239	1259.674951
1.120162	11919.180799	1252.803103
1.121216	11918.801762	1245.971947
1.122270	11918.422116	1239.181222
1.123324	11918.041846	1232.430666
1.124378	11917.660938	1225.720022
1.125432	11917.279378	1219.049034
1.126486	11916.897153	1212.417448
1.127541	11916.514249	1205.825009
1.128595	11916.130651	1199.271468
1.129649	11915.746346	1192.756576
1.130703	11915.361320	1186.280085
1.131757	11914.975559	1179.841750
1.132811	11914.589048	1173.441326
1.133865	11914.201775	1167.078573
1.134919	11913.813725	1160.753248
1.135973	11913.424885	1154.465115
1.137027	11913.035240	1148.213935
1.138081	11912.644776	1141.999474
1.139135	11912.253590	1135.821440
1.140189	11911.861823	1129.679521
1.141243	11911.469463	1123.573485
1.142297	11911.076495	1117.503102
1.143351	11910.682908	1111.468147
1.144405	11910.288688	1105.468392
1.145459	11909.893823	1099.503614
1.146514	11909.498298	1093.573590
1.147568	11909.102101	1087.678099
1.148622	11908.705220	1081.816920
1.149676	11908.307640	1075.989837
1.150730	11907.909349	1070.196633
1.151784	11907.510335	1064.437093
1.152838	11907.110583	1058.711004
1.153892	11906.710081	1053.018153
1.154946	11906.308815	1047.358331
1.156000	11905.906774	1041.731329
1.157054	11905.503943	1036.136938
1.158108	11905.100310	1030.574954
1.159162	11904.695861	1025.045172
1.160216	11904.290584	1019.547388
1.161270	11903.884466	1014.081402
1.162324	11903.477493	1008.647012
1.163378	11903.069652	1003.244020
1.164432	11902.660931	997.872230
1.165486	11902.251316	992.531444
1.166541	11901.840794	987.221468
1.167595	11901.429353	981.942109
1.168649	11901.016979	976.693174
1.169703	11900.603675	971.474467
1.170757	11900.189613	966.285721
1.171811	11899.774834	961.126727
1.172865	11899.359325	955.997300
1.173919	11898.943073	950.897255
1.174973	11898.526066	945.826412
1.176027	11898.108290	940.784588
1.177081	11897.689734	935.771603
1.178135	11897.270385	930.787280
1.179189	11896.850229	925.831439
1.180243	11896.429254	920.903907
1.181297	11896.007447	916.004506
1.182351	11895.584797	911.133064
1.183405	11895.161289	906.289408
1.184459	11894.736911	901.473367
1.185514	11894.311651	896.684770
1.186568	11893.885495	891.923447
1.187622	11893.458432	887.189233
1.188676	11893.030448	882.481958
1.189730	11892.601531	877.801458
1.190784	11892.171667	873.147569
1.191838	11891.740845	868.520127
1.192892	11891.309052	863.918969
1.193946	11890.876274	859.343935
1.195000	11890.442499	854.794865
1.196054	11890.007715	850.271599
1.197108	11889.571908	845.773979
1.198162	11889.135067	841.301850
1.199216	11888.697177	836.855054
1.200270	11888.258227	832.433438
1.201324	11887.818263	828.036827
1.202378	11887.377451	823.665005
1.203432	11886.935789	819.317817
1.204486	11886.493265	814.995111
1.205541	11886.049867	810.696740
1.206595	11885.605583	806.422553
1.207649	11885.160399	802.172403
1.208703	11884.714305	797.946143
1.209757	11884.267286	793.743629
1.210811	11883.819331	789.564715
1.211865	11883.370427	785.409258
1.212919	11882.920562	781.277115
1.213973	11882.469724	777.168144
1.215027	11882.017899	773.082206
1.216081	11881.565076	769.019159
1.217135	11881.111242	764.978866
1.218189	11880.656385	760.961187
1.219243	11880.200492	756.965988
1.220297	11879.743551	752.993130
1.221351	11879.285549	749.042480
1.222405	11878.826474	745.113903
1.223459	11878.366314	741.207266
1.224514	11877.905056	737.322436
1.225568	11877.442687	733.459283
1.226622	11876.979195	729.617674
1.227676	11876.514569	725.797481
1.228730	11876.048794	721.998575
1.229784	11875.581860	718.220827
1.230838	11875.113753	714.464111
1.231892	11874.644461	710.728300
1.232946	11874.174086	707.013240
1.234000	11873.702746	703.318775
1.235054	11873.230429	699.644781
1.236108	11872.757122	695.991134
1.237162	11872.282813	692.357712
1.238216	11871.807490	688.744394
1.239270	11871.331140	685.151059
1.240324	11870.853752	681.577587
1.241378	11870.375313	678.023860
1.242432	11869.895810	674.489759
1.243486	11869.415233	670.975167
1.244541	11868.933568	667.479966
1.245595	11868.450803	664.004042
1.246649	11867.966926	660.547279
1.247703	11867.481925	657.109563
1.248757	11866.995787	653.690780
1.249811	11866.508501	650.290817
1.250865	11866.020054	646.909563
1.251919	11865.530433	643.546906
1.252973	11865.039628	640.202735
1.254027	11864.547624	636.876942
1.255081	11864.054411	633.569415
1.256135	11863.559976	630.280048
1.257189	11863.064306	627.008733
1.258243	11862.567390	623.755362
1.259297	11862.069215	620.519829
1.260351	11861.569769	617.302029
1.261405	11861.069040	614.101857
1.262459	11860.567015	610.919209
1.263514	11860.063690	607.753980
1.264568	11859.559216	604.606036
1.265622	11859.053654	601.475260
1.266676	11858.546990	598.361553
1.267730	11858.039212	595.264814
1.268784	11857.530308	592.184942
1.269838	11857.020265	589.121839
1.270892	11856.509072	586.075407
1.271946	11855.996716	583.045548
1.273000	11855.483184	580.032164
1.274054	11854.968465	577.035160
1.275108	11854.452545	574.054439
1.276162	11853.935414	571.089905
1.277216	11853.417058	568.141466
1.278270	11852.897465	565.209025
1.279324	11852.376623	562.292491
1.280378	11851.854519	559.391770
1.281432	11851.331142	556.506769
1.282486	11850.806479	553.637399
1.283541	11850.280517	550.783567
1.284595	11849.753245	547.945183
1.285649	11849.224649	545.122157
1.286703	11848.694719	542.314400
1.287757	11848.163440	539.521824
1.288811	11847.630802	536.744340
1.289865	11847.096792	533.981861
1.290919	11846.561397	531.234300
1.291973	11846.024606	528.501570
1.293027	11845.486405	525.783586
1.294081	11844.946783	523.080262
1.295135	11844.405763	520.391510
1.296189	11843.863520	517.717221
1.297243	11843.320067	515.057308
1.298297	11842.775392	512.411686
1.299351	11842.229481	509.780273
1.300405	11841.682322	507.162986
1.301459	11841.133901	504.559742
1.302514	11840.584206	501.970459
1.303568	11840.033224	499.395058
1.304622	11839.480942	496.833456
1.305676	11838.927346	494.285574
1.306730	11838.372424	491.751332
1.307784	11837.816163	489.230651
1.308838	11837.258550	486.723453
1.309892	11836.699572	484.229660
1.310946	11836.139215	481.749194
1.312000	11835.577468	479.281978
1.313054	11835.014317	476.827935
1.314108	11834.449749	474.386990
1.315162	11833.883751	471.959067
1.316216	11833.316310	469.544091
1.317270	11832.747413	467.141987
1.318324	11832.177047	464.752681
1.319378	11831.605200	462.376100
1.320432	11831.031858	460.012171
1.321486	11830.457009	457.660820
1.322541	11829.880638	455.321977
1.323595	11829.302734	452.995568
1.324649	11828.723284	450.681523
1.325703	11828.142274	448.379771
1.326757	11827.559800	446.090233
1.327811	11826.975998	443.812829
1.328865	11826.390857	441.547488
1.329919	11825.804363	439.294143
1.330973	11825.216502	437.052724
1.332027	11824.627260	434.823165
1.333081	11824.036626	432.605396
1.334135	11823.444585	430.399352
1.335189	11822.851124	428.204965
1.336243	11822.256230	426.022169
1.337297	11821.659889	423.850899
1.338351	11821.062088	421.691089
1.339405	11820.462814	419.542674
1.340459	11819.862053	417.405589
1.341514	11819.259791	415.279771
1.342568	11818.656016	413.165155
1.343622	11818.050715	411.061679
1.344676	11817.443873	408.969279
1.345730	11816.835477	406.887892
1.346784	11816.225515	404.817457
1.347838	11815.613972	402.757912
1.348892	11815.000836	400.709195
1.349946	11814.386092	398.671246
1.351000	11813.769729	396.644003
1.352054	11813.151731	394.627408
1.353108	11812.532087	392.621399
1.354162	11811.910782	390.625917
1.355216	11811.287803	388.640903
1.356270	11810.663137	386.666300
1.357324	11810.036794	384.702046
1.358378	11809.408957	382.748077
1.359432	11808.779658	380.804332
1.360486	11808.148882	378.870754
1.361541	11807.516617	376.947284
1.362595	11806.882848	375.033866
1.363649	11806.247561	373.130441
1.364703	11805.610744	371.236955
1.365757	11804.972381	369.353349
1.366811	11804.332461	367.479569
1.367865	11803.690968	365.615559
1.368919	11803.047889	363.761263
1.369973	11802.403212	361.916628
1.371027	11801.756920	360.081597
1.372081	11801.109003	358.256118
1.373135	11800.459444	356.440136
1.374189	11799.808232	354.633598
1.375243	11799.155351	352.836452
1.376297	11798.500789	351.048643
1.377351	11797.844532	349.270119
1.378405	11797.186565	347.500830
1.379459	11796.526876	345.740722
1.380514	11795.865451	343.989744
1.381568	11795.202276	342.247846
1.382622	11794.537337	340.514976
1.383676	11793.870621	338.791083
1.384730	11793.202113	337.076119
1.385784	11792.531801	335.370032
1.386838	11791.859670	333.672774
1.387892	11791.185709	331.984295
1.388946	11790.510067	330.304543
1.390000	11789.832843	328.633468
1.391054	11789.154022	326.971021
1.392108	11788.473590	325.317155
1.393162	11787.791531	323.671823
1.394216	11787.107831	322.034977
1.395270	11786.422474	320.406571
1.396324	11785.735445	318.786557
1.397378	11785.046730	317.174891
1.398432	11784.356313	315.571525
1.399486	11783.664179	313.976414
1.400541	11782.970314	312.389513
1.401595	11782.274702	310.810777
1.402649	11781.577328	309.240160
1.403703	11780.878177	307.677619
1.404757	11780.177235	306.123108
1.405811	11779.474487	304.576585
1.406865	11778.769916	303.038004
1.407919	11778.063509	301.507324
1.408973	11777.355250	299.984500
1.410027	11776.645125	298.469490
1.411081	11775.933118	296.962251
1.412135	11775.219214	295.462740
1.413189	11774.503398	293.970916
1.414243	11773.785656	292.486736
1.415297	11773.065972	291.010159
1.416351	11772.344331	289.541144
1.417405	11771.620719	288.079649
1.418459	11770.895120	286.625634
1.419514	11770.167666	285.179059
1.420568	11769.438492	283.739883
1.421622	11768.707582	282.308064
1.422676	11767.974920	280.883563
1.423730	11767.240491	279.466337
1.424784	11766.504279	278.056347
1.425838	11765.766267	276.653553
1.426892	11765.026441	275.257914
1.427946	11764.284784	273.869390
1.429000	11763.541280	272.487943
1.430054	11762.795915	271.113532
1.431108	11762.048671	269.746119
1.432162	11761.299533	268.385666
1.433216	11760.548485	267.032133
1.434270	11759.795512	265.685482
1.435324	11759.040598	264.345676
1.436378	11758.283726	263.012677
1.437432	11757.524882	261.686446
1.438486	11756.764048	260.366948
1.439541	11756.001210	259.054144
1.440595	11755.236352	257.747998
1.441649	11754.469458	256.448473
1.442703	11753.700511	255.155533
1.443757	11752.929497	253.869142
1.444811	11752.156400	252.589264
1.445865	11751.381202	251.315863
1.446919	11750.603890	250.048904
1.447973	11749.824447	248.788352
1.449027	11749.042861	247.534171
1.450081	11748.259317	246.286330
1.451135	11747.473911	245.044799
1.452189	11746.686626	243.809542
1.453243	11745.897443	242.580526
1.454297	11745.106346	241.357717
1.455351	11744.313317	240.141080
1.456405	11743.518338	238.930584
1.457459	11742.721392	237.726195
1.458514	11741.922461	236.527879
1.459568	11741.121529	235.335604
1.460622	11740.318577	234.149338
1.461676	11739.513587	232.969048
1.462730	11738.706543	231.794702
1.463784	11737.897428	230.626268
1.464838	11737.086222	229.463715
1.465892	11736.272910	228.307010
1.466946	11735.457473	227.156122
1.468000	11734.639894	226.011021
1.469054	11733.820155	224.871675
1.470108	11732.998240	223.738053
1.471162	11732.174130	222.610125
1.472216	11731.347808	221.487861
1.473270	11730.519256	220.371230
1.474324	11729.688457	219.260202
1.475378	11728.855394	218.154747
1.476432	11728.020049	217.054835
1.477486	11727.182405	215.960438
1.478541	11726.342444	214.871526
1.479595	11725.500218	213.788071
1.480649	11724.655965	212.710051
1.481703	11723.809689	211.637439
1.482757	11722.961370	210.570203
1.483811	11722.110988	209.508314
1.484865	11721.258525	208.451742
1.485919	11720.403960	207.400460
1.486973	11719.547274	206.354437
1.488027	11718.688448	205.313645
1.489081	11717.827462	204.278055
1.490135	11716.964297	203.247639
1.491189	11716.098933	202.222369
1.492243	11715.231351	201.202216
1.493297	11714.361531	200.187152
1.494351	11713.489453	199.177151
1.495405	11712.615099	198.172184
1.496459	11711.738449	197.172223
1.497514	11710.859483	196.177243
1.498568	11709.978181	195.187215
1.499622	11709.094525	194.202113
1.500676	11708.208495	193.221910
1.501730	11707.320071	192.246580
1.502784	11706.429235	191.276096
1.503838	11705.535965	190.310433
1.504892	11704.640243	189.349563
1.505946	11703.742050	188.393462
1.507000	11702.841366	187.442104
1.508054	11701.938171	186.495462
1.509108	11701.032489	185.553514
1.510162	11700.124591	184.616247
1.511216	11699.214508	183.683637
1.512270	11698.302218	182.755661
1.513324	11697.387700	181.832291
1.514378	11696.470930	180.913504
1.515432	11695.551887	179.999275
1.516486	11694.630548	179.089579
1.517541	11693.706892	178.184391
1.518595	11692.780895	177.283688
1.519649	11691.852537	176.387445
1.520703	11690.921793	175.495637
1.521757	11689.988643	174.608242
1.522811	11689.053065	173.725235
1.523865	11688.115034	172.846593
1.524919	11687.174531	171.972293
1.525973	11686.231532	171.102310
1.527027	11685.286015	170.236623
1.528081	11684.337958	169.375207
1.529135	11683.387338	168.518041
1.530189	11682.434134	167.665101
1.531243	11681.478324	166.816366
1.532297	11680.519884	165.971812
1.533351	11679.558793	165.131417
1.534405	11678.595028	164.295159
1.535459	11677.628568	163.463016
1.536514	11676.659390	162.634967
1.537568	11675.687472	161.810989
1.538622	11674.712902	160.991065
1.539676	11673.735965	160.175188
1.540730	11672.756654	159.363336
1.541784	11671.774943	158.555486
1.542838	11670.790807	157.751617
1.543892	11669.804220	156.951707
1.544946	11668.815156	156.155736
1.546000	11667.823590	155.363680
1.547054	11666.829497	154.575521
1.548108	11665.832851	153.791235
1.549162	11664.833626	153.010803
1.550216	11663.831797	152.234203
1.551270	11662.827338	151.461415
1.552324	11661.820223	150.692419
1.553378	11660.810428	149.927193
1.554432	11659.797926	149.165718
1.555486	11658.782693	148.407974
1.556541	11657.764702	147.653940
1.557595	11656.743927	146.903596
1.558649	11655.720344	146.156924
1.559703	11654.693927	145.413903
1.560757	11653.664650	144.674513
1.561811	11652.632488	143.938736
1.562865	11651.597415	143.206551
1.563919	11650.559405	142.477941
1.564973	11649.518434	141.752886
1.566027	11648.474475	141.031366
1.567081	11647.427543	140.313366
1.568135	11646.377978	139.598884
1.569189	11645.325836	138.887904
1.570243	11644.271090	138.180407
1.571297	11643.213710	137.476374
1.572351	11642.153667	136.775785
1.573405	11641.090932	136.078624
1.574459	11640.025474	135.384869
1.575514	11638.957266	134.694503
1.576568	11637.886278	134.007508
1.577622	11636.812480	133.323864
1.578676	11635.735844	132.643554
1.579730	11634.656339	131.966559
1.580784	11633.573938	131.292862
1.581838	11632.488611	130.622444
1.582892	11631.400328	129.955288
1.583946	11630.309060	129.291376
1.585000	11629.214778	128.630691
1.586054	11628.117453	127.973215
1.587108	11627.017055	127.318931
1.588162	11625.913555	126.667821
1.589216	11624.806925	126.019869
1.590270	11623.697135	125.375057
1.591324	11622.584155	124.733369
1.592378	11621.467956	124.094788
1.593432	11620.348510	123.459297
1.594486	11619.225786	122.826880
1.595541	11618.099855	122.197525
1.596595	11616.971098	121.571234
1.597649	11615.839526	120.947992
1.598703	11614.705107	120.327784
1.599757	11613.567806	119.710591
1.600811	11612.427589	119.096398
1.601865	11611.284422	118.485189
1.602919	11610.138271	117.876946
1.603973	11608.989103	117.271655
1.605027	11607.836883	116.669298
1.606081	11606.681578	116.069861
1.607135	11605.523154	115.473327
1.608189	11604.361576	114.879680
1.609243	11603.196811	114.288904
1.610297	11602.028826	113.700986
1.611351	11600.857585	113.115908
1.612405	11599.683055	112.533655
1.613459	11598.505202	111.954214
1.614514	11597.323993	111.377567
1.615568	11596.139392	110.803701
1.616622	11594.951368	110.232600
1.617676	11593.759884	109.664250
1.618730	11592.564909	109.098635
1.619784	11591.366407	108.535742
1.620838	11590.164344	107.975556
1.621892	11588.958688	107.418062
1.622946	11587.749437	106.863248
1.624000	11586.537011	106.311118
1.625054	11585.321512	105.761664
1.626108	11584.102902	105.214871
1.627162	11582.881142	104.670725
1.628216	11581.656192	104.129210
1.629270	11580.428014	103.590311
1.630324	11579.196569	103.054016
1.631378	11577.961818	102.520308
1.632432	11576.723723	101.989175
1.633486	11575.482243	101.460601
1.634541	11574.237341	100.934573
1.635595	11572.988977	100.411077
1.636649	11571.737112	99.890099
1.637703	11570.481708	99.371625
1.638757	11569.222726	98.855641
1.639811	11567.960126	98.342135
1.640865	11566.693870	97.831092
1.641919	11565.423919	97.322499
1.642973	11564.150233	96.816342
1.644027	11562.872775	96.312610
1.645081	11561.591504	95.811287
1.646135	11560.306383	95.312362
1.647189	11559.017372	94.815822
1.648243	11557.724432	94.321654
1.649297	11556.427525	93.829844
1.650351	11555.126760	93.340387
1.651405	11553.822613	92.853291
1.652459	11552.515083	92.368544
1.653514	11551.204125	91.886134
1.654568	11549.889692	91.406047
1.655622	11548.571740	90.928271
1.656676	11547.250224	90.452792
1.657730	11545.925098	89.979597
1.658784	11544.596316	89.508674
1.659838	11543.263834	89.040010
1.660892	11541.927607	88.573593
1.661946	11540.587588	88.109410
1.663000	11539.243732	87.647448
1.664054	11537.895995	87.187695
1.665108	11536.544331	86.730140
1.666162	11535.188694	86.274770
1.667216	11533.829040	85.821572
1.668270	11532.465322	85.370536
1.669324	11531.097496	84.921649
1.670378	11529.725516	84.474899
1.671432	11528.349337	84.030275
1.672486	11526.968914	83.587764
1.673541	11525.584201	83.147357
1.674595	11524.195153	82.709040
1.675649	11522.801725	82.272803
1.676703	11521.404013	81.838640
1.677757	11520.002570	81.406563
1.678811	11518.597410	80.976562
1.679865	11517.188479	80.548625
1.680919	11515.775724	80.122741
1.681973	11514.359092	79.698898
1.683027	11512.938529	79.277085
1.684081	11511.513983	78.857289
1.685135	11510.085400	78.439500
1.686189	11508.652726	78.023706
1.687243	11507.215909	77.609896
1.688297	11505.774895	77.198058
1.689351	11504.329632	76.788182
1.690405	11502.880065	76.380257
1.691459	11501.426141	75.974272
1.692514	11499.967808	75.570215
1.693568	11498.505011	75.168077
1.694622	11497.037698	74.767846
1.695676	11495.565816	74.369512
1.696730	11494.089311	73.973064
1.697784	11492.608129	73.578493
1.698838	11491.122218	73.185787
1.699892	11489.631525	72.794936
1.700946	11488.135995	72.405931
1.702000	11486.635596	72.018761
1.703054	11485.130887	71.633439
1.704108	11483.622104	71.249963
1.705162	11482.109185	70.868324
1.706216	11480.592065	70.488510
1.707270	11479.070681	70.110511
1.708324	11477.544969	69.734316
1.709378	11476.014866	69.359915
1.710432	11474.480309	68.987297
1.711486	11472.941234	68.616453
1.712541	11471.397577	68.247372
1.713595	11469.849276	67.880043
1.714649	11468.296266	67.514457
1.715703	11466.738485	67.150604
1.716757	11465.175868	66.788474
1.717811	11463.608353	66.428057
1.718865	11462.035875	66.069344
1.719919	11460.458372	65.712324
1.720973	11458.875779	65.356988
1.722027	11457.288034	65.003328
1.723081	11455.695072	64.651332
1.724135	11454.096832	64.300993
1.725189	11452.493248	63.952300
1.726243	11450.884257	63.605244
1.727297	11449.269937	63.259822
1.728351	11447.651033	62.916050
1.729405	11446.027602	62.573924
1.730459	11444.399565	62.233432
1.731514	11442.766848	61.894566
1.732568	11441.129371	61.557315
1.733622	11439.487060	61.221668
1.734676	11437.839837	60.887617
1.735730	11436.187625	60.555152
1.736784	11434.530347	60.224262
1.737838	11432.867927	59.894939
1.738892	11431.200288	59.567173
1.739946	11429.527353	59.240954
1.741000	11427.849046	58.916274
1.742054	11426.165288	58.593123
1.743108	11424.476005	58.271491
1.744162	11422.781118	57.951370
1.745216	11421.080552	57.632752
1.746270	11419.374229	57.315626
1.747324	11417.662072	56.999984
1.748378	11415.944006	56.685817
1.749432	11414.219952	56.373117
1.750486	11412.489834	56.061876
1.751541	11410.753766	55.752089
1.752595	11409.012617	55.443779
1.753649	11407.266426	55.136939
1.754703	11405.515100	54.831561
1.755757	11403.758545	54.527635
1.756811	11401.996669	54.225152
1.757865	11400.229377	53.924104
1.758919	11398.456578	53.624480
1.759973	11396.678177	53.326273
1.761027	11394.894081	53.029473
1.762081	11393.104197	52.734072
1.763135	11391.308432	52.440061
1.764189	11389.506693	52.147432
1.765243	11387.698887	51.856176
1.766297	11385.884919	51.566285
1.767351	11384.064698	51.277750
1.768405	11382.238129	50.990563
1.769459	11380.405120	50.704717
1.770514	11378.565577	50.420202
1.771568	11376.719407	50.137011
1.772622	11374.866517	49.855136
1.773676	11373.006814	49.574569
1.774730	11371.140296	49.295305
1.775784	11369.267958	49.017367
1.776838	11367.390008	48.740755
1.777892	11365.506329	48.465460
1.778946	11363.616808	48.191472
1.780000	11361.721328	47.918784
1.781054	11359.819777	47.647385
1.782108	11357.912038	47.377268
1.783162	11355.997997	47.108425
1.784216	11354.077539	46.840845
1.785270	11352.150550	46.574522
1.786324	11350.216914	46.309446
1.787378	11348.276516	46.045609
1.788432	11346.329242	45.783004
1.789486	11344.374977	45.521622
1.790541	11342.413606	45.261456
1.791595	11340.445015	45.002496
1.792649	11338.469088	44.744736
1.793703	11336.485710	44.488167
1.794757	11334.494768	44.232783
1.795811	11332.496145	43.978574
1.796865	11330.489727	43.725535
1.797919	11328.476198	43.473678
1.798973	11326.456409	43.223021
1.800027	11324.430223	42.973555
1.801081	11322.397496	42.725272
1.802135	11320.358087	42.478163
1.803189	11318.311853	42.232219
1.804243	11316.258653	41.987434
1.805297	11314.198344	41.743797
1.806351	11312.130784	41.501301
1.807405	11310.055831	41.259939
1.808459	11307.973343	41.019701
1.809514	11305.883178	40.780581
1.810568	11303.785194	40.542570
1.811622	11301.679248	40.305661
1.812676	11299.565198	40.069846
1.813730	11297.442903	39.835118
1.814784	11295.312220	39.601469
1.815838	11293.173007	39.368891
1.816892	11291.025123	39.137379
1.817946	11288.868424	38.906923
1.819000	11286.702910	38.677521
1.820054	11284.529991	38.449202
1.821108	11282.349928	38.221969
1.822162	11280.162542	37.995812
1.823216	11277.967655	37.770723
1.824270	11275.765090	37.546694
1.825324	11273.554670	37.323716
1.826378	11271.336216	37.101782
1.827432	11269.109551	36.880883
1.828486	11266.874497	36.661012
1.829541	11264.630877	36.442160
1.830595	11262.378513	36.224321
1.831649	11260.117227	36.007485
1.832703	11257.846841	35.791647
1.833757	11255.567179	35.576798
1.834811	11253.278062	35.362930
1.835865	11250.979312	35.150037
1.836919	11248.670753	34.938112
1.837973	11246.352205	34.727147
1.839027	11244.023493	34.517136
1.840081	11241.684943	34.308082
1.841135	11239.338248	34.100019
1.842189	11236.983363	33.892942
1.843243	11234.620063	33.686843
1.844297	11232.248122	33.481713
1.845351	11229.867315	33.277544
1.846405	11227.477416	33.074327
1.847459	11225.078201	32.872055
1.848514	11222.669444	32.670719
1.849568	11220.250920	32.470311
1.850622	11217.822403	32.270824
1.851676	11215.383669	32.072250
1.852730	11212.934491	31.874580
1.853784	11210.474645	31.677809
1.854838	11208.003905	31.481928
1.855892	11205.522046	31.286929
1.856946	11203.028843	31.092807
1.858000	11200.524070	30.899553
1.859054	11198.007503	30.707160
1.860108	11195.479817	30.515641
1.861162	11192.942895	30.325029
1.862216	11190.396539	30.135319
1.863270	11187.840459	29.946499
1.864324	11185.274367	29.758563
1.865378	11182.697975	29.571501
1.866432	11180.110992	29.385304
1.867486	11177.513131	29.199965
1.868541	11174.904102	29.015474
1.869595	11172.283617	28.831824
1.870649	11169.651386	28.649007
1.871703	11167.007120	28.467014
1.872757	11164.350531	28.285839
1.873811	11161.681330	28.105472
1.874865	11158.999228	27.925907
1.875919	11156.303936	27.747136
1.876973	11153.595165	27.569152
1.878027	11150.872626	27.391947
1.879081	11148.137200	27.215537
1.880135	11145.391142	27.039960
1.881189	11142.634171	26.865209
1.882243	11139.865908	26.691275
1.883297	11137.085978	26.518147
1.884351	11134.294003	26.345816
1.885405	11131.489605	26.174275
1.886459	11128.672409	26.003512
1.887514	11125.842037	25.833521
1.888568	11122.998112	25.664291
1.889622	11120.140256	25.495815
1.890676	11117.268093	25.328084
1.891730	11114.381247	25.161090
1.892784	11111.479339	24.994824
1.893838	11108.561993	24.829280
1.894892	11105.628831	24.664448
1.895946	11102.679477	24.500322
1.897000	11099.714742	24.336914
1.898054	11096.737588	24.174271
1.899108	11093.747729	24.012388
1.900162	11090.744669	23.851255
1.901216	11087.727910	23.690859
1.902270	11084.696955	23.531193
1.903324	11081.651307	23.372247
1.904378	11078.590469	23.214009
1.905432	11075.513942	23.056472
1.906486	11072.421231	22.899627
1.907541	11069.311836	22.743463
1.908595	11066.185263	22.587972
1.909649	11063.041012	22.433146
1.910703	11059.878586	22.278976
1.911757	11056.697489	22.125454
1.912811	11053.497223	21.972571
1.913865	11050.278194	21.820334
1.914919	11047.044349	21.668803
1.915973	11043.795644	21.517976
1.917027	11040.531412	21.367841
1.918081	11037.250986	21.218386
1.919135	11033.953700	21.069599
1.920189	11030.638885	20.921469
1.921243	11027.305876	20.773985
1.922297	11023.954004	20.627136
1.923351	11020.582603	20.480910
1.924405	11017.191006	20.335299
1.925459	11013.778545	20.190290
1.926514	11010.344554	20.045875
1.927568	11006.888365	19.902044
1.928622	11003.409311	19.758786
1.929676	10999.907122	19.616098
1.930730	10996.386586	19.474050
1.931784	10992.848588	19.332652
1.932838	10989.292214	19.191892
1.933892	10985.716556	19.051755
1.934946	10982.120700	18.912230
1.936000	10978.503736	18.773301
1.937054	10974.864754	18.634958
1.938108	10971.202841	18.497187
1.939162	10967.517087	18.359977
1.940216	10963.806580	18.223316
1.941270	10960.070411	18.087192
1.942324	10956.307666	17.951594
1.943378	10952.517436	17.816511
1.944432	10948.698814	17.681933
1.945486	10944.856142	17.547917
1.946541	10940.992868	17.414511
1.947595	10937.107722	17.281696
1.948649	10933.199434	17.149455
1.949703	10929.266735	17.017773
1.950757	10925.308353	16.886633
1.951811	10921.323018	16.756019
1.952865	10917.309461	16.625916
1.953919	10913.266411	16.496310
1.954973	10909.192598	16.367185
1.956027	10905.086752	16.238528
1.957081	10900.947602	16.110324
1.958135	10896.773879	15.982561
1.959189	10892.567417	15.855264
1.960243	10888.335986	15.728529
1.961297	10884.078403	15.602342
1.962351	10879.792853	15.476683
1.963405	10875.477516	15.351530
1.964459	10871.130578	15.226863
1.965514	10866.750221	15.102662
1.966568	10862.334629	14.978907
1.967622	10857.881984	14.855580
1.968676	10853.390470	14.732664
1.969730	10848.858270	14.610139
1.970784	10844.283568	14.487989
1.971838	10839.665307	14.366205
1.972892	10835.013885	14.244910
1.973946	10830.331086	14.124125
1.975000	10825.614247	14.003821
1.976054	10820.860703	13.883972
1.977108	10816.067790	13.764550
1.978162	10811.232844	13.645530
1.979216	10806.353200	13.526887
1.980270	10801.426195	13.408596
1.981324	10796.449163	13.290633
1.982378	10791.419441	13.172975
1.983432	10786.334364	13.055601
1.984486	10781.199824	12.938578
1.985541	10776.027433	12.822034
1.986595	10770.813448	12.705931
1.987649	10765.553839	12.590230
1.988703	10760.244575	12.474894
1.989757	10754.881626	12.359887
1.990811	10749.460961	12.245172
1.991865	10743.978550	12.130716
1.992919	10738.430361	12.016486
1.993973	10732.812366	11.902449
1.995027	10727.122546	11.788594
1.996081	10721.380833	11.675127
1.997135	10715.588379	11.562063
1.998189	10709.738871	11.449345
1.999243	10703.825996	11.336920
2.000297	10697.843442	11.224735
2.001351	10691.784898	11.112738
2.002405	10685.644052	11.000880
2.003459	10679.414590	10.889114
2.004514	10673.090201	10.777395
2.005568	10666.679567	10.665814
2.006622	10660.206872	10.554604
2.007676	10653.662954	10.443687
2.008730	10647.037487	10.332981
2.009784	10640.320145	10.222404
2.010838	10633.500601	10.111878
2.011892	10626.568528	10.001328
2.012946	10619.513602	9.890682
2.014000	10612.326443	9.779878
2.015054	10605.042524	9.669240
2.016108	10597.671426	9.558862
2.017162	10590.195385	9.448606
2.018216	10582.596636	9.338338
2.019270	10574.857412	9.227930
2.020324	10566.959951	9.117261
2.021378	10558.886486	9.006212
2.022432	10550.631658	8.894771
2.023486	10542.260006	8.783483
2.024541	10533.756687	8.672247
2.025595	10525.089108	8.560829
2.026649	10516.224673	8.449001
2.027703	10507.130789	8.336547
2.028757	10497.774861	8.223262
2.029811	10488.168613	8.109281
2.030865	10478.403339	7.995332
2.031919	10468.424934	7.881040
2.032973	10458.168655	7.765975
2.034027	10447.569760	7.649722
2.035081	10436.563506	7.531890
2.036135	10425.194163	7.412876
2.037189	10413.582691	7.293598
2.038243	10401.593978	7.173166
2.039297	10389.085242	7.050686
2.040351	10375.913702	6.925310
2.041405	10362.155537	6.797701
2.042459	10347.994162	6.669197
2.043514	10333.080418	6.537621
2.044568	10317.050661	6.400835
2.045622	10299.906646	6.259140
2.046676	10282.040145	6.115259
2.047730	10262.399050	5.962990
2.048784	10240.254474	5.798530
2.049838	10216.729383	5.629258
2.050892	10187.797749	5.432596
2.051946	10155.733858	5.223351
2.053000	10105.115196	4.921259
