1.000000	11926.771571	2345.081548
1.001054	11926.520675	2331.497335
1.002108	11926.269593	2318.000446
1.003162	11926.018306	2304.590262
1.004216	11925.766798	2291.266169
1.005270	11925.515049	2278.027558
1.006324	11925.263041	2264.873825
1.007378	11925.010758	2251.804370
1.008432	11924.758180	2238.818599
1.009486	11924.505289	2225.915921
1.010541	11924.252067	2213.095752
1.011595	11923.998497	2200.357509
1.012649	11923.744560	2187.700617
1.013703	11923.490239	2175.124505
1.014757	11923.235584	2162.628534
1.015811	11922.980806	2150.211914
1.016865	11922.725906	2137.874071
1.017919	11922.470869	2125.614457
1.018973	11922.215676	2113.432523
1.020027	11921.960313	2101.327729
1.021081	11921.704763	2089.299537
1.022135	11921.449008	2077.347413
1.023189	11921.193034	2065.470827
1.024243	11920.936823	2053.669256
1.025297	11920.680359	2041.942176
1.026351	11920.423625	2030.289073
1.027405	11920.166606	2018.709431
1.028459	11919.909284	2007.202742
1.029514	11919.651644	1995.768502
1.030568	11919.393669	1984.406207
1.031622	11919.135342	1973.115362
1.032676	11918.876648	1961.895472
1.033730	11918.617569	1950.746048
1.034784	11918.358090	1939.666603
1.035838	11918.098193	1928.656656
1.036892	11917.837864	1917.715727
1.037946	11917.577084	1906.843342
1.039000	11917.315838	1896.039029
1.040054	11917.054109	1885.302322
1.041108	11916.791881	1874.632755
1.042162	11916.529138	1864.029868
1.043216	11916.265866	1853.493201
1.044270	11916.002232	1843.022138
1.045324	11915.738324	1832.616139
1.046378	11915.474127	1822.274759
1.047432	11915.209626	1811.997556
1.048486	11914.944806	1801.784093
1.049541	11914.679652	1791.633936
1.050595	11914.414150	1781.546653
1.051649	11914.148283	1771.521815
1.052703	11913.882037	1761.559000
1.053757	11913.615398	1751.657784
1.054811	11913.348350	1741.817751
1.055865	11913.080877	1732.038484
1.056919	11912.812966	1722.319572
1.057973	11912.544601	1712.660606
1.059027	11912.275767	1703.061180
1.060081	11912.006449	1693.520892
1.061135	11911.736632	1684.039342
1.062189	11911.466302	1674.616133
1.063243	11911.195442	1665.250872
1.064297	11910.924039	1655.943168
1.065351	11910.652076	1646.692633
1.066405	11910.379540	1637.498883
1.067459	11910.106415	1628.361536
1.068514	11909.832686	1619.280211
1.069568	11909.558338	1610.254535
1.070622	11909.283356	1601.284132
1.071676	11909.007726	1592.368632
1.072730	11908.731454	1583.507651
1.073784	11908.454725	1574.700671
1.074838	11908.177571	1565.947296
1.075892	11907.899980	1557.247168
1.076946	11907.621936	1548.599931
1.078000	11907.343427	1540.005234
1.079054	11907.064438	1531.462725
1.080108	11906.784956	1522.972058
1.081162	11906.504965	1514.532887
1.082216	11906.224454	1506.144871
1.083270	11905.943407	1497.807669
1.084324	11905.661811	1489.520945
1.085378	11905.379652	1481.284363
1.086432	11905.096916	1473.097591
1.087486	11904.813589	1464.960300
1.088541	11904.529657	1456.872162
1.089595	11904.245106	1448.832852
1.090649	11903.959923	1440.842047
1.091703	11903.674094	1432.899428
1.092757	11903.387604	1425.004676
1.093811	11903.100440	1417.157477
1.094865	11902.812587	1409.357516
1.095919	11902.524033	1401.604483
1.096973	11902.234763	1393.898070
1.098027	11901.944763	1386.237970
1.099081	11901.654019	1378.623878
1.100135	11901.362518	1371.055494
1.101189	11901.070245	1363.532517
1.102243	11900.777213	1356.054633
1.103297	11900.483597	1348.621420
1.104351	11900.189421	1341.232563
1.105405	11899.894671	1333.887773
1.106459	11899.599335	1326.586762
1.107514	11899.303399	1319.329245
1.108568	11899.006850	1312.114939
1.109622	11898.709676	1304.943562
1.110676	11898.411864	1297.814837
1.111730	11898.113400	1290.728486
1.112784	11897.814271	1283.684234
1.113838	11897.514465	1276.681808
1.114892	11897.213968	1269.720936
1.115946	11896.912767	1262.801351
1.117000	11896.610850	1255.922785
1.118054	11896.308203	1249.084972
1.119108	11896.004813	1242.287649
1.120162	11895.700668	1235.530556
1.121216	11895.395754	1228.813432
1.122270	11895.090058	1222.136020
1.123324	11894.783568	1215.498064
1.124378	11894.476269	1208.899310
1.125432	11894.168151	1202.339506
1.126486	11893.859198	1195.818401
1.127541	11893.549399	1189.335748
1.128595	11893.238739	1182.891299
1.129649	11892.927207	1176.484809
1.130703	11892.614790	1170.116035
1.131757	11892.301487	1163.784729
1.132811	11891.987460	1157.490552
1.133865	11891.672746	1151.233240
1.134919	11891.357335	1145.012555
1.135973	11891.041214	1138.828265
1.137027	11890.724370	1132.680135
1.138081	11890.406790	1126.567936
1.139135	11890.088464	1120.491438
1.140189	11889.769377	1114.450414
1.141243	11889.449519	1108.444637
1.142297	11889.128876	1102.473883
1.143351	11888.807436	1096.537930
1.144405	11888.485187	1090.636555
1.145459	11888.162116	1084.769540
1.146514	11887.838211	1078.936667
1.147568	11887.513461	1073.137718
1.148622	11887.187851	1067.372479
1.149676	11886.861371	1061.640736
1.150730	11886.534007	1055.942278
1.151784	11886.205747	1050.276894
1.152838	11885.876580	1044.644374
1.153892	11885.546492	1039.044512
1.154946	11885.215471	1033.477101
1.156000	11884.883505	1027.941936
1.157054	11884.550582	1022.438815
1.158108	11884.216689	1016.967536
1.159162	11883.881814	1011.527898
1.160216	11883.545944	1006.119702
1.161270	11883.209068	1000.742751
1.162324	11882.871308	995.396790
1.163378	11882.532745	990.081583
1.164432	11882.193368	984.796936
1.165486	11881.853166	979.542659
1.166541	11881.512126	974.318560
1.167595	11881.170236	969.124451
1.168649	11880.827485	963.960144
1.169703	11880.483860	958.825452
1.170757	11880.139349	953.720190
1.171811	11879.793941	948.644175
1.172865	11879.447623	943.597224
1.173919	11879.100384	938.579156
1.174973	11878.752212	933.589790
1.176027	11878.403095	928.628948
1.177081	11878.053020	923.696453
1.178135	11877.701976	918.792128
1.179189	11877.349952	913.915797
1.180243	11876.996934	909.067288
1.181297	11876.642911	904.246428
1.182351	11876.287871	899.453044
1.183405	11875.931803	894.686968
1.184459	11875.574693	889.948029
1.185514	11875.216531	885.236060
1.186568	11874.857305	880.550894
1.187622	11874.497002	875.892366
1.188676	11874.135610	871.260311
1.189730	11873.773118	866.654565
1.190784	11873.409513	862.074967
1.191838	11873.044845	857.521333
1.192892	11872.679256	852.993449
1.193946	11872.312742	848.491152
1.195000	11871.945291	844.014286
1.196054	11871.576892	839.562695
1.197108	11871.207533	835.136224
1.198162	11870.837202	830.734719
1.199216	11870.465889	826.358028
1.200270	11870.093581	822.005998
1.201324	11869.720266	817.678480
1.202378	11869.345934	813.375323
1.203432	11868.970573	809.096379
1.204486	11868.594171	804.841499
1.205541	11868.216716	800.610539
1.206595	11867.838197	796.403350
1.207649	11867.458603	792.219790
1.208703	11867.077921	788.059715
1.209757	11866.696141	783.922981
1.210811	11866.313250	779.809447
1.211865	11865.929237	775.718972
1.212919	11865.544091	771.651417
1.213973	11865.157800	767.606641
1.215027	11864.770352	763.584509
1.216081	11864.381736	759.584882
1.217135	11863.991941	755.607624
1.218189	11863.600953	751.652601
1.219243	11863.208763	747.719677
1.220297	11862.815359	743.808721
1.221351	11862.420740	739.919594
1.222405	11862.025054	736.052121
1.223459	11861.628337	732.206156
1.224514	11861.230578	728.381570
1.225568	11860.831765	724.578233
1.226622	11860.431887	720.796016
1.227676	11860.030933	717.034794
1.228730	11859.628890	713.294439
1.229784	11859.225749	709.574825
1.230838	11858.821496	705.875829
1.231892	11858.416120	702.197325
1.232946	11858.009611	698.539192
1.234000	11857.601956	694.901306
1.235054	11857.193144	691.283546
1.236108	11856.783163	687.685792
1.237162	11856.372003	684.107924
1.238216	11855.959651	680.549823
1.239270	11855.546096	677.011370
1.240324	11855.131326	673.492449
1.241378	11854.715330	669.992942
1.242432	11854.298097	666.512733
1.243486	11853.879615	663.051708
1.244541	11853.459873	659.609753
1.245595	11853.038858	656.186753
1.246649	11852.616560	652.782595
1.247703	11852.192967	649.397169
1.248757	11851.768067	646.030362
1.249811	11851.341850	642.682063
1.250865	11850.914303	639.352164
1.251919	11850.485503	636.040536
1.252973	11850.055569	632.747044
1.254027	11849.624490	629.471580
1.255081	11849.192254	626.214036
1.256135	11848.758849	622.974308
1.257189	11848.324265	619.752288
1.258243	11847.888489	616.547873
1.259297	11847.451509	613.360957
1.260351	11847.013315	610.191439
1.261405	11846.573894	607.039214
1.262459	11846.133235	603.904180
1.263514	11845.691326	600.786237
1.264568	11845.248156	597.685283
1.265622	11844.803713	594.601218
1.266676	11844.357985	591.533943
1.267730	11843.910961	588.483360
1.268784	11843.462629	585.449369
1.269838	11843.012978	582.431873
1.270892	11842.561995	579.430776
1.271946	11842.109670	576.445981
1.273000	11841.655990	573.477393
1.274054	11841.200945	570.524917
1.275108	11840.744521	567.588458
1.276162	11840.286709	564.667922
1.277216	11839.827495	561.763217
1.278270	11839.366869	558.874250
1.279324	11838.904819	556.000929
1.280378	11838.441334	553.143163
1.281432	11837.976426	550.300857
1.282486	11837.510253	547.473898
1.283541	11837.042832	544.662192
1.284595	11836.574151	541.865649
1.285649	11836.104197	539.084181
1.286703	11835.632960	536.317699
1.287757	11835.160427	533.566116
1.288811	11834.686586	530.829345
1.289865	11834.211425	528.107300
1.290919	11833.734932	525.399894
1.291973	11833.257096	522.707042
1.293027	11832.777904	520.028659
1.294081	11832.297345	517.364662
1.295135	11831.815406	514.714966
1.296189	11831.332076	512.079489
1.297243	11830.847343	509.458147
1.298297	11830.361194	506.850860
1.299351	11829.873618	504.257545
1.300405	11829.384603	501.678121
1.301459	11828.894137	499.112508
1.302514	11828.402208	496.560626
1.303568	11827.908805	494.022395
1.304622	11827.413914	491.497738
1.305676	11826.917524	488.986575
1.306730	11826.419624	486.488828
1.307784	11825.920202	484.004420
1.308838	11825.419244	481.533274
1.309892	11824.916740	479.075315
1.310946	11824.412680	476.630465
1.312000	11823.907191	474.198636
1.313054	11823.400348	471.779745
1.314108	11822.892140	469.373718
1.315162	11822.382553	466.980480
1.316216	11821.871577	464.599959
1.317270	11821.359197	462.232080
1.318324	11820.845402	459.876773
1.319378	11820.330180	457.533965
1.320432	11819.813517	455.203584
1.321486	11819.295402	452.885559
1.322541	11818.775822	450.579820
1.323595	11818.254765	448.286296
1.324649	11817.732219	446.004918
1.325703	11817.208170	443.735616
1.326757	11816.682608	441.478322
1.327811	11816.155518	439.232968
1.328865	11815.626889	436.999485
1.329919	11815.096709	434.777805
1.330973	11814.564965	432.567862
1.332027	11814.031644	430.369590
1.333081	11813.496735	428.182921
1.334135	11812.960224	426.007790
1.335189	11812.422101	423.844132
1.336243	11811.882351	421.691881
1.337297	11811.340963	419.550974
1.338351	11810.797924	417.421345
1.339405	11810.253223	415.302931
1.340459	11809.706845	413.195670
1.341514	11809.158870	411.099492
1.342568	11808.609430	409.014328
1.343622	11808.058515	406.940115
1.344676	11807.506112	404.876790
1.345730	11806.952208	402.824290
1.346784	11806.396790	400.782555
1.347838	11805.839845	398.751523
1.348892	11805.281360	396.731134
1.349946	11804.721322	394.721326
1.351000	11804.159718	392.722040
1.352054	11803.596535	390.733216
1.353108	11803.031759	388.754794
1.354162	11802.465378	386.786716
1.355216	11801.897379	384.828923
1.356270	11801.327749	382.881358
1.357324	11800.756474	380.943961
1.358378	11800.183542	379.016676
1.359432	11799.608939	377.099446
1.360486	11799.032653	375.192213
1.361541	11798.454671	373.294922
1.362595	11797.874979	371.407517
1.363649	11797.293565	369.529941
1.364703	11796.710414	367.662141
1.365757	11796.125516	365.804059
1.366811	11795.538855	363.955643
1.367865	11794.950420	362.116838
1.368919	11794.360197	360.287589
1.369973	11793.768174	358.467844
1.371027	11793.174406	356.657548
1.372081	11792.579054	354.856644
1.373135	11791.982112	353.065081
1.374189	11791.383568	351.282806
1.375243	11790.783406	349.509766
1.376297	11790.181613	347.745911
1.377351	11789.578175	345.991188
1.378405	11788.973078	344.245546
1.379459	11788.366307	342.508935
1.380514	11787.757850	340.781305
1.381568	11787.147692	339.062605
1.382622	11786.535819	337.352785
1.383676	11785.922217	335.651796
1.384730	11785.306873	333.959588
1.385784	11784.689771	332.276114
1.386838	11784.070899	330.601324
1.387892	11783.450243	328.935170
1.388946	11782.827787	327.277604
1.390000	11782.203520	325.628578
1.391054	11781.577425	323.988046
1.392108	11780.949491	322.355959
1.393162	11780.319701	320.732272
1.394216	11779.688044	319.116938
1.395270	11779.054504	317.509910
1.396324	11778.419068	315.911143
1.397378	11777.781722	314.320592
1.398432	11777.142452	312.738210
1.399486	11776.501243	311.163953
1.400541	11775.858168	309.597776
1.401595	11775.213389	308.039636
1.402649	11774.566897	306.489487
1.403703	11773.918677	304.947285
1.404757	11773.268714	303.412986
1.405811	11772.616992	301.886546
1.406865	11771.963497	300.367920
1.407919	11771.308213	298.857066
1.408973	11770.651127	297.353941
1.410027	11769.992222	295.858501
1.411081	11769.331484	294.370704
1.412135	11768.668897	292.890508
1.413189	11768.004448	291.417870
1.414243	11767.338120	289.952749
1.415297	11766.669898	288.495104
1.416351	11765.999769	287.044892
1.417405	11765.327716	285.602073
1.418459	11764.653724	284.166607
1.419514	11763.977780	282.738452
1.420568	11763.299867	281.317569
1.421622	11762.619970	279.903917
1.422676	11761.938076	278.497457
1.423730	11761.254168	277.098149
1.424784	11760.568231	275.705955
1.425838	11759.880252	274.320834
1.426892	11759.190213	272.942748
1.427946	11758.498102	271.571659
1.429000	11757.803903	270.207528
1.430054	11757.107765	268.850321
1.431108	11756.409796	267.500003
1.432162	11755.709979	266.156534
1.433216	11755.008297	264.819878
1.434270	11754.304735	263.489997
1.435324	11753.599276	262.166854
1.436378	11752.891904	260.850413
1.437432	11752.182602	259.540635
1.438486	11751.471354	258.237486
1.439541	11750.758143	256.940928
1.440595	11750.042954	255.650925
1.441649	11749.325770	254.367443
1.442703	11748.606575	253.090445
1.443757	11747.885352	251.819895
1.444811	11747.162085	250.555760
1.445865	11746.436757	249.298003
1.446919	11745.709353	248.046590
1.447973	11744.979856	246.801487
1.449027	11744.248249	245.562660
1.450081	11743.514517	244.330074
1.451135	11742.778643	243.103695
1.452189	11742.040610	241.883491
1.453243	11741.300403	240.669426
1.454297	11740.558005	239.461470
1.455351	11739.813399	238.259587
1.456405	11739.066570	237.063746
1.457459	11738.317500	235.873913
1.458514	11737.566233	234.690058
1.459568	11736.812981	233.512154
1.460622	11736.057748	232.340168
1.461676	11735.300517	231.174068
1.462730	11734.541270	230.013823
1.463784	11733.779988	228.859400
1.464838	11733.016655	227.710769
1.465892	11732.251253	226.567898
1.466946	11731.483763	225.430755
1.468000	11730.714167	224.299311
1.469054	11729.942448	223.173533
1.470108	11729.168589	222.053393
1.471162	11728.392570	220.938858
1.472216	11727.614374	219.829900
1.473270	11726.833984	218.726488
1.474324	11726.051382	217.628592
1.475378	11725.266549	216.536183
1.476432	11724.479469	215.449231
1.477486	11723.690122	214.367708
1.478541	11722.898491	213.291583
1.479595	11722.104559	212.220829
1.480649	11721.308307	211.155416
1.481703	11720.509718	210.095315
1.482757	11719.708774	209.040500
1.483811	11718.905457	207.990941
1.484865	11718.099748	206.946610
1.485919	11717.291631	205.907480
1.486973	11716.481124	204.873524
1.488027	11715.668463	203.844729
1.489081	11714.853677	202.821069
1.490135	11714.036747	201.802514
1.491189	11713.217653	200.789037
1.492243	11712.396374	199.780607
1.493297	11711.572890	198.777198
1.494351	11710.747182	197.778781
1.495405	11709.919229	196.785328
1.496459	11709.089010	195.796811
1.497514	11708.256506	194.813203
1.498568	11707.421698	193.834477
1.499622	11706.584563	192.860604
1.500676	11705.745083	191.891559
1.501730	11704.903238	190.927314
1.502784	11704.059006	189.967843
1.503838	11703.212369	189.013119
1.504892	11702.363306	188.063116
1.505946	11701.511796	187.117808
1.507000	11700.657821	186.177169
1.508054	11699.801359	185.241172
1.509108	11698.942390	184.309793
1.510162	11698.080895	183.383005
1.511216	11697.216853	182.460784
1.512270	11696.350244	181.543105
1.513324	11695.481048	180.629942
1.514378	11694.609246	179.721270
1.515432	11693.734894	178.817070
1.516486	11692.858248	177.917329
1.517541	11691.979306	177.022025
1.518595	11691.098048	176.131135
1.519649	11690.214450	175.244635
1.520703	11689.328491	174.362503
1.521757	11688.440148	173.484716
1.522811	11687.549398	172.611250
1.523865	11686.656220	171.742084
1.524919	11685.760591	170.877193
1.525973	11684.862489	170.016557
1.527027	11683.961892	169.160153
1.528081	11683.058777	168.307959
1.529135	11682.153121	167.459952
1.530189	11681.244903	166.616111
1.531243	11680.334100	165.776414
1.532297	11679.420690	164.940840
1.533351	11678.504651	164.109367
1.534405	11677.585960	163.281974
1.535459	11676.664595	162.458639
1.536514	11675.740533	161.639342
1.537568	11674.813753	160.824061
1.538622	11673.884232	160.012776
1.539676	11672.951947	159.205466
1.540730	11672.016877	158.402110
1.541784	11671.078998	157.602689
1.542838	11670.138300	156.807181
1.543892	11669.195037	156.015574
1.544946	11668.249314	155.227848
1.546000	11667.301103	154.443985
1.547054	11666.350380	153.663963
1.548108	11665.397120	152.887763
1.549162	11664.441296	152.115363
1.550216	11663.482883	151.346744
1.551270	11662.521856	150.581885
1.552324	11661.558190	149.820768
1.553378	11660.591858	149.063372
1.554432	11659.622836	148.309678
1.555486	11658.651098	147.559666
1.556541	11657.676618	146.813316
1.557595	11656.699371	146.070611
1.558649	11655.719332	145.331529
1.559703	11654.736475	144.596054
1.560757	11653.750774	143.864165
1.561811	11652.762204	143.135844
1.562865	11651.770740	142.411072
1.563919	11650.776357	141.689831
1.564973	11649.779028	140.972102
1.566027	11648.778728	140.257868
1.567081	11647.775432	139.547109
1.568135	11646.769114	138.839808
1.569189	11645.759749	138.135947
1.570243	11644.747322	137.435509
1.571297	11643.732119	136.738496
1.572351	11642.714254	136.044898
1.573405	11641.693701	135.354694
1.574459	11640.670428	134.667865
1.575514	11639.644409	133.984390
1.576568	11638.615612	133.304251
1.577622	11637.584011	132.627426
1.578676	11636.549575	131.953896
1.579730	11635.512276	131.283643
1.580784	11634.472085	130.616646
1.581838	11633.428973	129.952887
1.582892	11632.382911	129.292346
1.583946	11631.333870	128.635005
1.585000	11630.281821	127.980846
1.586054	11629.226736	127.329849
1.587108	11628.168585	126.681995
1.588162	11627.107339	126.037268
1.589216	11626.042969	125.395648
1.590270	11624.975448	124.757118
1.591324	11623.904744	124.121659
1.592378	11622.830831	123.489255
1.593432	11621.753678	122.859886
1.594486	11620.673257	122.233536
1.595541	11619.589539	121.610187
1.596595	11618.502494	120.989822
1.597649	11617.412212	120.372430
1.598703	11616.319039	119.758013
1.599757	11615.222969	119.146558
1.600811	11614.123971	118.538050
1.601865	11613.022010	117.932474
1.602919	11611.917053	117.329816
1.603973	11610.809067	116.730061
1.605027	11609.698019	116.133194
1.606081	11608.583875	115.539201
1.607135	11607.466603	114.948067
1.608189	11606.346168	114.359780
1.609243	11605.222537	113.774323
1.610297	11604.095678	113.191683
1.611351	11602.965557	112.611847
1.612405	11601.832141	112.034800
1.613459	11600.695395	111.460528
1.614514	11599.555288	110.889018
1.615568	11598.411786	110.320256
1.616622	11597.264855	109.754229
1.617676	11596.114462	109.190922
1.618730	11594.960574	108.630323
1.619784	11593.803158	108.072418
1.620838	11592.642180	107.517194
1.621892	11591.477608	106.964638
1.622946	11590.309407	106.414736
1.624000	11589.137659	105.867480
1.625054	11587.962763	105.322871
1.626108	11586.784722	104.780894
1.627162	11585.603498	104.241536
1.628216	11584.419052	103.704781
1.629270	11583.231346	103.170613
1.630324	11582.040342	102.639018
1.631378	11580.846001	102.109982
1.632432	11579.648284	101.583490
1.633486	11578.447154	101.059526
1.634541	11577.242572	100.538077
1.635595	11576.034500	100.019129
1.636649	11574.822899	99.502667
1.637703	11573.607731	98.988677
1.638757	11572.388957	98.477145
1.639811	11571.166540	97.968057
1.640865	11569.940440	97.461400
1.641919	11568.710620	96.957159
1.642973	11567.477041	96.455322
1.644027	11566.239664	95.955874
1.645081	11564.998452	95.458802
1.646135	11563.753366	94.964093
1.647189	11562.504367	94.471734
1.648243	11561.251417	93.981711
1.649297	11559.994482	93.494011
1.650351	11558.733926	93.008639
1.651405	11557.469967	92.525590
1.652459	11556.202562	92.044853
1.653514	11554.931664	91.566416
1.654568	11553.657229	91.090267
1.655622	11552.379213	90.616395
1.656676	11551.097571	90.144786
1.657730	11549.812258	89.675430
1.658784	11548.523229	89.208314
1.659838	11547.230440	88.743428
1.660892	11545.933845	88.280759
1.661946	11544.633401	87.820296
1.663000	11543.329061	87.362028
1.664054	11542.020783	86.905944
1.665108	11540.708520	86.452032
1.666162	11539.392228	86.000281
1.667216	11538.071862	85.550680
1.668270	11536.747378	85.103218
1.669324	11535.418731	84.657884
1.670378	11534.085876	84.214667
1.671432	11532.748768	83.773557
1.672486	11531.407363	83.334542
1.673541	11530.061616	82.897613
1.674595	11528.711493	82.462759
1.675649	11527.357442	82.029990
1.676703	11525.999671	81.599305
1.677757	11524.638127	81.170691
1.678811	11523.272758	80.744134
1.679865	11521.903512	80.319622
1.680919	11520.530336	79.897142
1.681973	11519.153178	79.476681
1.683027	11517.771984	79.058226
1.684081	11516.386703	78.641765
1.685135	11514.997282	78.227284
1.686189	11513.603668	77.814773
1.687243	11512.205809	77.404218
1.688297	11510.803652	76.995608
1.689351	11509.397146	76.588930
1.690405	11507.986236	76.184172
1.691459	11506.570871	75.781323
1.692514	11505.150999	75.380371
1.693568	11503.726566	74.981304
1.694622	11502.297521	74.584110
1.695676	11500.863810	74.188778
1.696730	11499.425381	73.795297
1.697784	11497.982182	73.403655
1.698838	11496.534160	73.013841
1.699892	11495.081570	72.625857
1.700946	11493.624912	72.239715
1.702000	11492.164134	71.855406
1.703054	11490.699174	71.472919
1.704108	11489.229971	71.092245
1.705162	11487.756462	70.713373
1.706216	11486.278585	70.336295
1.707270	11484.796278	69.961000
1.708324	11483.309479	69.587479
1.709378	11481.818125	69.215722
1.710432	11480.322155	68.845720
1.711486	11478.821507	68.477463
1.712541	11477.316118	68.110942
1.713595	11475.805926	67.746148
1.714649	11474.290870	67.383072
1.715703	11472.770886	67.021704
1.716757	11471.245914	66.662035
1.717811	11469.715890	66.304057
1.718865	11468.180752	65.947760
1.719919	11466.640439	65.593136
1.720973	11465.094889	65.240176
1.722027	11463.544039	64.888872
1.723081	11461.987836	64.539213
1.724135	11460.426842	64.191211
1.725189	11458.861365	63.844865
1.726243	11457.291330	63.500167
1.727297	11455.716663	63.157105
1.728351	11454.137288	62.815670
1.729405	11452.553133	62.475852
1.730459	11450.964123	62.137643
1.731514	11449.370182	61.801031
1.732568	11447.771237	61.466009
1.733622	11446.167214	61.132566
1.734676	11444.558038	60.800693
1.735730	11442.943635	60.470381
1.736784	11441.323930	60.141621
1.737838	11439.698849	59.814403
1.738892	11438.068318	59.488719
1.739946	11436.432262	59.164560
1.741000	11434.790607	58.841917
1.742054	11433.143278	58.520781
1.743108	11431.490202	58.201143
1.744162	11429.831304	57.882996
1.745216	11428.166509	57.566329
1.746270	11426.495749	57.251136
1.747324	11424.819640	56.937430
1.748378	11423.138576	56.625217
1.749432	11421.452467	56.314488
1.750486	11419.761225	56.005233
1.751541	11418.064761	55.697442
1.752595	11416.362985	55.391107
1.753649	11414.655807	55.086216
1.754703	11412.943140	54.782762
1.755757	11411.224893	54.480735
1.756811	11409.500978	54.180126
1.757865	11407.771306	53.880925
1.758919	11406.035786	53.583124
1.759973	11404.294330	53.286715
1.761027	11402.546850	52.991687
1.762081	11400.793255	52.698033
1.763135	11399.033456	52.405743
1.764189	11397.267365	52.114809
1.765243	11395.494892	51.825224
1.766297	11393.715948	51.536977
1.767351	11391.930443	51.250062
1.768405	11390.138290	50.964469
1.769459	11388.339786	50.680202
1.770514	11386.535775	50.397283
1.771568	11384.726193	50.115702
1.772622	11382.910931	49.835452
1.773676	11381.089881	49.556523
1.774730	11379.262935	49.278906
1.775784	11377.429984	49.002594
1.776838	11375.590921	48.727577
1.777892	11373.745636	48.453848
1.778946	11371.894022	48.181397
1.780000	11370.035971	47.910217
1.781054	11368.171374	47.640298
1.782108	11366.300123	47.371634
1.783162	11364.422110	47.104217
1.784216	11362.537227	46.838037
1.785270	11360.645365	46.573088
1.786324	11358.746416	46.309361
1.787378	11356.840272	46.046849
1.788432	11354.926825	45.785543
1.789486	11353.005967	45.525438
1.790541	11351.077601	45.266525
1.791595	11349.142600	45.008823
1.792649	11347.201457	44.752340
1.793703	11345.254038	44.497068
1.794757	11343.300212	44.242998
1.795811	11341.339847	43.990122
1.796865	11339.372810	43.738431
1.797919	11337.398969	43.487917
1.798973	11335.418192	43.238572
1.800027	11333.430347	42.990388
1.801081	11331.435302	42.743356
1.802135	11329.432924	42.497470
1.803189	11327.423082	42.252721
1.804243	11325.405643	42.009101
1.805297	11323.380476	41.766603
1.806351	11321.347448	41.525219
1.807405	11319.306426	41.284942
1.808459	11317.257280	41.045764
1.809514	11315.199875	40.807679
1.810568	11313.134082	40.570678
1.811622	11311.059822	40.334755
1.812676	11308.978260	40.099937
1.813730	11306.889790	39.866226
1.814784	11304.794248	39.633616
1.815838	11302.691471	39.402098
1.816892	11300.581296	39.171663
1.817946	11298.463559	38.942304
1.819000	11296.338098	38.714013
1.820054	11294.204749	38.486781
1.821108	11292.063350	38.260601
1.822162	11289.913737	38.035466
1.823216	11287.755747	37.811367
1.824270	11285.589217	37.588297
1.825324	11283.413983	37.366249
1.826378	11281.229883	37.145216
1.827432	11279.036754	36.925189
1.828486	11276.834432	36.706163
1.829541	11274.622754	36.488129
1.830595	11272.401557	36.271081
1.831649	11270.170695	36.055013
1.832703	11267.931377	35.839948
1.833757	11265.684290	35.625897
1.834811	11263.429232	35.412854
1.835865	11261.165998	35.200808
1.836919	11258.894383	34.989752
1.837973	11256.614185	34.779677
1.839027	11254.325200	34.570576
1.840081	11252.027223	34.362440
1.841135	11249.720051	34.155261
1.842189	11247.403481	33.949032
1.843243	11245.077307	33.743745
1.844297	11242.741327	33.539393
1.845351	11240.395337	33.335967
1.846405	11238.039132	33.133461
1.847459	11235.672509	32.931867
1.848514	11233.295265	32.731178
1.849568	11230.907195	32.531387
1.850622	11228.508096	32.332487
1.851676	11226.098601	32.134488
1.852730	11223.680311	31.937422
1.853784	11221.253034	31.741281
1.854838	11218.816512	31.546055
1.855892	11216.370489	31.351738
1.856946	11213.914707	31.158320
1.858000	11211.448909	30.965792
1.859054	11208.972838	30.774147
1.860108	11206.486237	30.583377
1.861162	11203.988850	30.393473
1.862216	11201.480418	30.204428
1.863270	11198.960685	30.016234
1.864324	11196.429394	29.828883
1.865378	11193.886287	29.642368
1.866432	11191.331108	29.456681
1.867486	11188.763600	29.271815
1.868541	11186.183505	29.087764
1.869595	11183.590669	28.904521
1.870649	11180.987100	28.722123
1.871703	11178.373417	28.540581
1.872757	11175.749292	28.359884
1.873811	11173.114396	28.180025
1.874865	11170.468401	28.000992
1.875919	11167.810979	27.822779
1.876973	11165.141800	27.645377
1.878027	11162.460537	27.468776
1.879081	11159.766861	27.292969
1.880135	11157.060443	27.117947
1.881189	11154.340955	26.943703
1.882243	11151.608069	26.770228
1.883297	11148.861456	26.597515
1.884351	11146.100787	26.425555
1.885405	11143.325735	26.254342
1.886459	11140.535970	26.083868
1.887514	11137.731735	25.914135
1.888568	11134.915705	25.745190
1.889622	11132.087911	25.577030
1.890676	11129.247927	25.409646
1.891730	11126.395328	25.243029
1.892784	11123.529690	25.077168
1.893838	11120.650589	24.912055
1.894892	11117.757598	24.747681
1.895946	11114.850294	24.584037
1.897000	11111.928252	24.421113
1.898054	11108.991046	24.258902
1.899108	11106.038254	24.097395
1.900162	11103.069449	23.936583
1.901216	11100.084207	23.776459
1.902270	11097.082103	23.617015
1.903324	11094.062712	23.458242
1.904378	11091.026641	23.300150
1.905432	11087.977062	23.142791
1.906486	11084.913745	22.986158
1.907541	11081.836134	22.830240
1.908595	11078.743673	22.675027
1.909649	11075.635807	22.520508
1.910703	11072.511978	22.366672
1.911757	11069.371632	22.213510
1.912811	11066.214212	22.061011
1.913865	11063.039162	21.909165
1.914919	11059.845926	21.757963
1.915973	11056.633949	21.607395
1.917027	11053.402674	21.457452
1.918081	11050.151545	21.308125
1.919135	11046.880007	21.159405
1.920189	11043.588606	21.011300
1.921243	11040.281349	20.863870
1.922297	11036.958017	20.717110
1.923351	11033.617869	20.571009
1.924405	11030.260162	20.425555
1.925459	11026.884156	20.280736
1.926514	11023.489109	20.136540
1.927568	11020.074279	19.992957
1.928622	11016.638926	19.849977
1.929676	11013.182307	19.707587
1.930730	11009.703682	19.565778
1.931784	11006.202308	19.424540
1.932838	11002.677445	19.283863
1.933892	10999.128350	19.143737
1.934946	10995.554903	19.004161
1.936000	10991.962147	18.865207
1.937054	10988.350547	18.726879
1.938108	10984.719100	18.589164
1.939162	10981.066800	18.452045
1.940216	10977.392640	18.315510
1.941270	10973.695617	18.179544
1.942324	10969.974724	18.044133
1.943378	10966.228956	17.909265
1.944432	10962.457308	17.774925
1.945486	10958.658775	17.641102
1.946541	10954.832352	17.507783
1.947595	10950.977032	17.374956
1.948649	10947.091825	17.242609
1.949703	10943.181278	17.110804
1.950757	10939.248670	16.979584
1.951811	10935.292611	16.848931
1.952865	10931.311712	16.718828
1.953919	10927.304583	16.589257
1.954973	10923.269833	16.460201
1.956027	10919.206071	16.331644
1.957081	10915.111910	16.203569
1.958135	10910.985957	16.075961
1.959189	10906.826823	15.948804
1.960243	10902.633119	15.822085
1.961297	10898.403454	15.695787
1.962351	10894.138575	15.569924
1.963405	10889.846758	15.444596
1.964459	10885.527301	15.319796
1.965514	10881.178241	15.195503
1.966568	10876.797616	15.071694
1.967622	10872.383461	14.948348
1.968676	10867.933815	14.825446
1.969730	10863.446715	14.702966
1.970784	10858.920198	14.580891
1.971838	10854.352301	14.459200
1.972892	10849.741062	14.337876
1.973946	10845.084517	14.216901
1.975000	10840.388525	14.096346
1.976054	10835.660240	13.976291
1.977108	10830.896848	13.856709
1.978162	10826.095507	13.737568
1.979216	10821.253377	13.618842
1.980270	10816.367617	13.500503
1.981324	10811.435387	13.382523
1.982378	10806.453845	13.264877
1.983432	10801.420152	13.147539
1.984486	10796.331465	13.030486
1.985541	10791.185352	12.913697
1.986595	10785.994297	12.797312
1.987649	10780.762237	12.681374
1.988703	10775.484939	12.565844
1.989757	10770.158173	12.450680
1.990811	10764.777707	12.335843
1.991865	10759.339309	12.221297
1.992919	10753.838748	12.107004
1.993973	10748.271793	11.992929
1.995027	10742.634212	11.879038
1.996081	10736.923103	11.765311
1.997135	10731.157080	11.651939
1.998189	10725.338427	11.538949
1.999243	10719.460626	11.426285
2.000297	10713.517159	11.313893
2.001351	10707.501508	11.201718
2.002405	10701.407153	11.089710
2.003459	10695.227577	10.977820
2.004514	10688.956261	10.865999
2.005568	10682.588015	10.754214
2.006622	10676.147867	10.642710
2.007676	10669.639755	10.531529
2.008730	10663.053244	10.420583
2.009784	10656.377901	10.309787
2.010838	10649.603292	10.199058
2.011892	10642.718984	10.088316
2.012946	10635.714542	9.977485
2.014000	10628.579585	9.866491
2.015054	10621.340666	9.755582
2.016108	10614.014392	9.644913
2.017162	10606.583270	9.534353
2.018216	10599.029804	9.423774
2.019270	10591.336502	9.313051
2.020324	10583.485870	9.202068
2.021378	10575.460414	9.090710
2.022432	10567.267578	8.979072
2.023486	10558.960454	8.867605
2.024541	10550.513655	8.756119
2.025595	10541.896124	8.644389
2.026649	10533.076806	8.532196
2.027703	10524.024645	8.419333
2.028757	10514.710792	8.305618
2.029811	10505.210909	8.191672
2.030865	10495.532558	8.077586
2.031919	10485.616515	7.962955
2.032973	10475.403555	7.847395
2.034027	10464.834454	7.730536
2.035081	10453.881315	7.612257
2.036135	10442.690062	7.493673
2.037189	10431.185733	7.374296
2.038243	10419.244657	7.253318
2.039297	10406.743165	7.129977
2.040351	10393.646307	7.004157
2.041405	10380.187758	6.877562
2.042459	10366.136509	6.748745
2.043514	10351.200394	6.615943
2.044568	10335.215309	6.478327
2.045622	10318.621145	6.338953
2.046676	10300.803903	6.194143
2.047730	10280.972473	6.039390
2.048784	10259.921904	5.880097
2.049838	10236.178373	5.707922
2.050892	10208.455298	5.516362
2.051946	10175.469258	5.299750
2.053000	10132.671491	5.038028
