1.000000	10384.066902	-2453.008153
1.001158	10387.487034	-2441.265706
1.002316	10390.903424	-2429.585232
1.003474	10394.316086	-2417.966714
1.004633	10397.725035	-2406.410132
1.005791	10401.130288	-2394.915461
1.006949	10404.531860	-2383.482676
1.008107	10407.929765	-2372.111746
1.009265	10411.324021	-2360.802637
1.010423	10414.714641	-2349.555315
1.011582	10418.101643	-2338.369739
1.012740	10421.485040	-2327.245868
1.013898	10424.864849	-2316.183657
1.015056	10428.241085	-2305.183059
1.016214	10431.613755	-2294.243874
1.017372	10434.982669	-2283.362310
1.018531	10438.347753	-2272.536596
1.019689	10441.709018	-2261.766553
1.020847	10445.066480	-2251.052002
1.022005	10448.420152	-2240.392767
1.023163	10451.770048	-2229.788667
1.024321	10455.116180	-2219.239525
1.025479	10458.458563	-2208.745160
1.026638	10461.797209	-2198.305395
1.027796	10465.132134	-2187.920050
1.028954	10468.463350	-2177.588946
1.030112	10471.790871	-2167.311903
1.031270	10475.114711	-2157.088742
1.032428	10478.434882	-2146.919282
1.033587	10481.751399	-2136.803346
1.034745	10485.064276	-2126.740751
1.035903	10488.373526	-2116.731320
1.037061	10491.679162	-2106.774872
1.038219	10494.981198	-2096.871227
1.039377	10498.279647	-2087.020205
1.040536	10501.574525	-2077.221627
1.041694	10504.865842	-2067.475312
1.042852	10508.153615	-2057.781080
1.044010	10511.437855	-2048.138753
1.045168	10514.718577	-2038.548149
1.046326	10517.995795	-2029.009090
1.047484	10521.269521	-2019.521394
1.048643	10524.539770	-2010.084884
1.049801	10527.806554	-2000.699378
1.050959	10531.069889	-1991.364698
1.052117	10534.329786	-1982.080664
1.053275	10537.586206	-1972.846619
1.054433	10540.838964	-1963.660612
1.055592	10544.088051	-1954.522261
1.056750	10547.333480	-1945.431349
1.057908	10550.575264	-1936.387659
1.059066	10553.813413	-1927.390976
1.060224	10557.047940	-1918.441085
1.061382	10560.278856	-1909.537771
1.062541	10563.506174	-1900.680822
1.063699	10566.729905	-1891.870025
1.064857	10569.950061	-1883.105169
1.066015	10573.166654	-1874.386043
1.067173	10576.379696	-1865.712438
1.068331	10579.589198	-1857.084145
1.069489	10582.795173	-1848.500957
1.070648	10585.997632	-1839.962667
1.071806	10589.196587	-1831.469068
1.072964	10592.392050	-1823.019955
1.074122	10595.584033	-1814.615124
1.075280	10598.772547	-1806.254372
1.076438	10601.957605	-1797.937496
1.077597	10605.139219	-1789.664295
1.078755	10608.317399	-1781.434566
1.079913	10611.492159	-1773.248112
1.081071	10614.663509	-1765.104731
1.082229	10617.831463	-1757.004227
1.083387	10620.996031	-1748.946401
1.084546	10624.157225	-1740.931058
1.085704	10627.315058	-1732.958000
1.086862	10630.469540	-1725.027034
1.088020	10633.620685	-1717.137966
1.089178	10636.768504	-1709.290601
1.090336	10639.912997	-1701.484696
1.091494	10643.054007	-1693.719226
1.092653	10646.191484	-1685.993699
1.093811	10649.325438	-1678.307911
1.094969	10652.455880	-1670.661659
1.096127	10655.582820	-1663.054740
1.097285	10658.706268	-1655.486954
1.098443	10661.826234	-1647.958101
1.099602	10664.942729	-1640.467982
1.100760	10668.055762	-1633.016400
1.101918	10671.165345	-1625.603158
1.103076	10674.271486	-1618.228060
1.104234	10677.374197	-1610.890913
1.105392	10680.473488	-1603.591523
1.106551	10683.569368	-1596.329696
1.107709	10686.661848	-1589.105244
1.108867	10689.750939	-1581.917974
1.110025	10692.836649	-1574.767698
1.111183	10695.918991	-1567.654228
1.112341	10698.997973	-1560.577376
1.113499	10702.073606	-1553.536957
1.114658	10705.145900	-1546.532785
1.115816	10708.214866	-1539.564676
1.116974	10711.280514	-1532.632448
1.118132	10714.342853	-1525.735917
1.119290	10717.401894	-1518.874904
1.120448	10720.457648	-1512.049227
1.121607	10723.510124	-1505.258708
1.122765	10726.559333	-1498.503168
1.123923	10729.605285	-1491.782431
1.125081	10732.647989	-1485.096319
1.126239	10735.687457	-1478.444658
1.127397	10738.723699	-1471.827274
1.128556	10741.756715	-1465.243965
1.129714	10744.786367	-1458.694122
1.130872	10747.812612	-1452.177415
1.132030	10750.835459	-1445.693668
1.133188	10753.854916	-1439.242706
1.134346	10756.870992	-1432.824353
1.135505	10759.883695	-1426.438437
1.136663	10762.893034	-1420.084786
1.137821	10765.899019	-1413.763227
1.138979	10768.901656	-1407.473590
1.140137	10771.900956	-1401.215707
1.141295	10774.896927	-1394.989409
1.142453	10777.889577	-1388.794528
1.143612	10780.878915	-1382.630899
1.144770	10783.864950	-1376.498355
1.145928	10786.847690	-1370.396733
1.147086	10789.827144	-1364.325868
1.148244	10792.803321	-1358.285600
1.149402	10795.776230	-1352.275765
1.150561	10798.745878	-1346.296204
1.151719	10801.712275	-1340.346757
1.152877	10804.675429	-1334.427264
1.154035	10807.635350	-1328.537570
1.155193	10810.592044	-1322.677515
1.156351	10813.545523	-1316.846946
1.157510	10816.495793	-1311.045706
1.158668	10819.442863	-1305.273641
1.159826	10822.386743	-1299.530599
1.160984	10825.327441	-1293.816426
1.162142	10828.264965	-1288.130972
1.163300	10831.199324	-1282.474086
1.164458	10834.130527	-1276.845618
1.165617	10837.058583	-1271.245420
1.166775	10839.983499	-1265.673343
1.167933	10842.905243	-1260.129159
1.169091	10845.823694	-1254.612478
1.170249	10848.738851	-1249.123137
1.171407	10851.650721	-1243.660988
1.172566	10854.559312	-1238.225886
1.173724	10857.464630	-1232.817683
1.174882	10860.366684	-1227.436237
1.176040	10863.265479	-1222.081402
1.177198	10866.161023	-1216.753037
1.178356	10869.053324	-1211.451000
1.179515	10871.942388	-1206.175149
1.180673	10874.828223	-1200.925344
1.181831	10877.710835	-1195.701446
1.182989	10880.590232	-1190.503317
1.184147	10883.466422	-1185.330818
1.185305	10886.339411	-1180.183812
1.186463	10889.209206	-1175.062164
1.187622	10892.075815	-1169.965739
1.188780	10894.939245	-1164.894401
1.189938	10897.799503	-1159.848018
1.191096	10900.656596	-1154.826457
1.192254	10903.510531	-1149.829585
1.193412	10906.361315	-1144.857271
1.194571	10909.208956	-1139.909385
1.195729	10912.053461	-1134.985797
1.196887	10914.894837	-1130.086379
1.198045	10917.733091	-1125.211002
1.199203	10920.568231	-1120.359539
1.200361	10923.400263	-1115.531863
1.201520	10926.229194	-1110.727848
1.202678	10929.055032	-1105.947370
1.203836	10931.877784	-1101.190303
1.204994	10934.697457	-1096.456525
1.206152	10937.514059	-1091.745913
1.207310	10940.327572	-1087.058313
1.208468	10943.137894	-1082.393463
1.209627	10945.945015	-1077.751222
1.210785	10948.748943	-1073.131468
1.211943	10951.549682	-1068.534082
1.213101	10954.347238	-1063.958943
1.214259	10957.141617	-1059.405932
1.215417	10959.932825	-1054.874931
1.216576	10962.720868	-1050.365821
1.217734	10965.505750	-1045.878486
1.218892	10968.287479	-1041.412809
1.220050	10971.066059	-1036.968675
1.221208	10973.841496	-1032.545968
1.222366	10976.613796	-1028.144575
1.223525	10979.382965	-1023.764382
1.224683	10982.149008	-1019.405276
1.225841	10984.911932	-1015.067145
1.226999	10987.671741	-1010.749877
1.228157	10990.428442	-1006.453362
1.229315	10993.182041	-1002.177489
1.230473	10995.932542	-997.922149
1.231632	10998.679952	-993.687233
1.232790	11001.424276	-989.472633
1.233948	11004.165521	-985.278241
1.235106	11006.903691	-981.103951
1.236264	11009.638793	-976.949656
1.237422	11012.370833	-972.815250
1.238581	11015.099815	-968.700629
1.239739	11017.825746	-964.605688
1.240897	11020.548632	-960.530324
1.242055	11023.268477	-956.474434
1.243213	11025.985289	-952.437914
1.244371	11028.699072	-948.420663
1.245530	11031.409833	-944.422580
1.246688	11034.117576	-940.443565
1.247846	11036.822250	-936.483464
1.249004	11039.523802	-932.542126
1.250162	11042.222235	-928.619451
1.251320	11044.917554	-924.715339
1.252478	11047.609763	-920.829693
1.253637	11050.298867	-916.962413
1.254795	11052.984869	-913.113402
1.255953	11055.667775	-909.282565
1.257111	11058.347588	-905.469803
1.258269	11061.024312	-901.675022
1.259427	11063.697952	-897.898127
1.260586	11066.368512	-894.139022
1.261744	11069.035997	-890.397614
1.262902	11071.700410	-886.673810
1.264060	11074.361757	-882.967517
1.265218	11077.020040	-879.278642
1.266376	11079.675265	-875.607094
1.267535	11082.327436	-871.952782
1.268693	11084.976558	-868.315614
1.269851	11087.622633	-864.695501
1.271009	11090.265667	-861.092354
1.272167	11092.905665	-857.506083
1.273325	11095.542629	-853.936599
1.274483	11098.176565	-850.383816
1.275642	11100.807477	-846.847645
1.276800	11103.435369	-843.328000
1.277958	11106.060246	-839.824793
1.279116	11108.682111	-836.337940
1.280274	11111.300969	-832.867356
1.281432	11113.916824	-829.412954
1.282591	11116.529681	-825.974651
1.283749	11119.139544	-822.552363
1.284907	11121.746417	-819.146007
1.286065	11124.350304	-815.755499
1.287223	11126.951210	-812.380758
1.288381	11129.549090	-809.021671
1.289540	11132.143914	-805.678134
1.290698	11134.735682	-802.350066
1.291856	11137.324399	-799.037386
1.293014	11139.910067	-795.740012
1.294172	11142.492689	-792.457864
1.295330	11145.072268	-789.190863
1.296488	11147.648806	-785.938930
1.297647	11150.222307	-782.701985
1.298805	11152.792772	-779.479951
1.299963	11155.360206	-776.272749
1.301121	11157.924611	-773.080302
1.302279	11160.485990	-769.902533
1.303437	11163.044345	-766.739366
1.304596	11165.599680	-763.590724
1.305754	11168.151997	-760.456533
1.306912	11170.701299	-757.336717
1.308070	11173.247589	-754.231201
1.309228	11175.790870	-751.139911
1.310386	11178.331144	-748.062774
1.311545	11180.868415	-744.999716
1.312703	11183.402685	-741.950663
1.313861	11185.933957	-738.915545
1.315019	11188.462234	-735.894289
1.316177	11190.987518	-732.886822
1.317335	11193.509814	-729.893074
1.318493	11196.029122	-726.912975
1.319652	11198.545447	-723.946453
1.320810	11201.058791	-720.993439
1.321968	11203.569157	-718.053864
1.323126	11206.076547	-715.127658
1.324284	11208.580965	-712.214752
1.325442	11211.082414	-709.315079
1.326601	11213.580896	-706.428570
1.327759	11216.076413	-703.555157
1.328917	11218.568950	-700.694767
1.330075	11221.058478	-697.847320
1.331233	11223.544999	-695.012750
1.332391	11226.028514	-692.190989
1.333550	11228.509024	-689.381971
1.334708	11230.986531	-686.585630
1.335866	11233.461036	-683.801902
1.337024	11235.932540	-681.030720
1.338182	11238.401045	-678.272021
1.339340	11240.866552	-675.525739
1.340498	11243.329063	-672.791812
1.341657	11245.788578	-670.070175
1.342815	11248.245100	-667.360765
1.343973	11250.698629	-664.663519
1.345131	11253.149167	-661.978376
1.346289	11255.596715	-659.305272
1.347447	11258.041274	-656.644147
1.348606	11260.482846	-653.994938
1.349764	11262.921433	-651.357586
1.350922	11265.357035	-648.732029
1.352080	11267.789654	-646.118207
1.353238	11270.219291	-643.516060
1.354396	11272.645948	-640.925529
1.355555	11275.069626	-638.346555
1.356713	11277.490326	-635.779078
1.357871	11279.908050	-633.223040
1.359029	11282.322798	-630.678383
1.360187	11284.734574	-628.145049
1.361345	11287.143376	-625.622981
1.362504	11289.549208	-623.112122
1.363662	11291.952070	-620.612414
1.364820	11294.351964	-618.123802
1.365978	11296.748891	-615.646229
1.367136	11299.142853	-613.179639
1.368294	11301.533850	-610.723976
1.369452	11303.921882	-608.279187
1.370611	11306.306940	-605.845217
1.371769	11308.689022	-603.422012
1.372927	11311.068129	-601.009517
1.374085	11313.444259	-598.607676
1.375243	11315.817413	-596.216436
1.376401	11318.187590	-593.835743
1.377560	11320.554791	-591.465542
1.378718	11322.919014	-589.105781
1.379876	11325.280260	-586.756407
1.381034	11327.638528	-584.417366
1.382192	11329.993818	-582.088607
1.383350	11332.346131	-579.770077
1.384509	11334.695465	-577.461724
1.385667	11337.041820	-575.163498
1.386825	11339.385197	-572.875346
1.387983	11341.725594	-570.597218
1.389141	11344.063012	-568.329063
1.390299	11346.397451	-566.070831
1.391457	11348.728909	-563.822472
1.392616	11351.057388	-561.583936
1.393774	11353.382886	-559.355173
1.394932	11355.705404	-557.136136
1.396090	11358.024941	-554.926774
1.397248	11360.341497	-552.727039
1.398406	11362.655072	-550.536883
1.399565	11364.965665	-548.356258
1.400723	11367.273276	-546.185116
1.401881	11369.577905	-544.023409
1.403039	11371.879552	-541.871091
1.404197	11374.178216	-539.728114
1.405355	11376.473898	-537.594433
1.406514	11378.766597	-535.470000
1.407672	11381.056312	-533.354769
1.408830	11383.343044	-531.248695
1.409988	11385.626792	-529.151732
1.411146	11387.907573	-527.063845
1.412304	11390.185393	-524.984996
1.413462	11392.460251	-522.915139
1.414621	11394.732144	-520.854227
1.415779	11397.001072	-518.802216
1.416937	11399.267030	-516.759062
1.418095	11401.530019	-514.724720
1.419253	11403.790035	-512.699145
1.420411	11406.047077	-510.682294
1.421570	11408.301144	-508.674123
1.422728	11410.552232	-506.674589
1.423886	11412.800340	-504.683647
1.425044	11415.045467	-502.701256
1.426202	11417.287610	-500.727372
1.427360	11419.526767	-498.761954
1.428519	11421.762937	-496.804958
1.429677	11423.996117	-494.856343
1.430835	11426.226305	-492.916068
1.431993	11428.453500	-490.984090
1.433151	11430.677700	-489.060368
1.434309	11432.898903	-487.144862
1.435467	11435.117106	-485.237531
1.436626	11437.332308	-483.338334
1.437784	11439.544507	-481.447230
1.438942	11441.753701	-479.564181
1.440100	11443.959888	-477.689145
1.441258	11446.163066	-475.822083
1.442416	11448.363234	-473.962957
1.443575	11450.560388	-472.111726
1.444733	11452.754528	-470.268352
1.445891	11454.945651	-468.432797
1.447049	11457.133756	-466.605021
1.448207	11459.318840	-464.784986
1.449365	11461.500902	-462.972655
1.450524	11463.679940	-461.167990
1.451682	11465.855974	-459.370962
1.452840	11468.029046	-457.581551
1.453998	11470.199152	-455.799720
1.455156	11472.366288	-454.025430
1.456314	11474.530451	-452.258645
1.457472	11476.691636	-450.499328
1.458631	11478.849841	-448.747440
1.459789	11481.005060	-447.002945
1.460947	11483.157291	-445.265806
1.462105	11485.306529	-443.535987
1.463263	11487.452770	-441.813452
1.464421	11489.596011	-440.098164
1.465580	11491.736248	-438.390088
1.466738	11493.873476	-436.689188
1.467896	11496.007693	-434.995428
1.469054	11498.138894	-433.308774
1.470212	11500.267075	-431.629191
1.471370	11502.392233	-429.956643
1.472529	11504.514364	-428.291096
1.473687	11506.633463	-426.632515
1.474845	11508.749527	-424.980867
1.476003	11510.862552	-423.336117
1.477161	11512.972535	-421.698232
1.478319	11515.079471	-420.067177
1.479477	11517.183356	-418.442920
1.480636	11519.284188	-416.825427
1.481794	11521.381961	-415.214665
1.482952	11523.476672	-413.610602
1.484110	11525.568317	-412.013204
1.485268	11527.656892	-410.422439
1.486426	11529.742394	-408.838276
1.487585	11531.824819	-407.260680
1.488743	11533.904162	-405.689622
1.489901	11535.980420	-404.125069
1.491059	11538.053590	-402.566989
1.492217	11540.123691	-401.015359
1.493375	11542.190801	-399.470173
1.494534	11544.254922	-397.931401
1.495692	11546.316047	-396.399011
1.496850	11548.374171	-394.872972
1.498008	11550.429288	-393.353252
1.499166	11552.481392	-391.839821
1.500324	11554.530476	-390.332647
1.501482	11556.576535	-388.831700
1.502641	11558.619563	-387.336949
1.503799	11560.659553	-385.848364
1.504957	11562.696501	-384.365913
1.506115	11564.730399	-382.889569
1.507273	11566.761243	-381.419299
1.508431	11568.789025	-379.955075
1.509590	11570.813740	-378.496867
1.510748	11572.835383	-377.044646
1.511906	11574.853946	-375.598383
1.513064	11576.869425	-374.158048
1.514222	11578.881813	-372.723613
1.515380	11580.891104	-371.295048
1.516539	11582.897292	-369.872326
1.517697	11584.900371	-368.455418
1.518855	11586.900336	-367.044295
1.520013	11588.897180	-365.638930
1.521171	11590.890897	-364.239295
1.522329	11592.881482	-362.845363
1.523487	11594.868928	-361.457104
1.524646	11596.853230	-360.074493
1.525804	11598.834381	-358.697502
1.526962	11600.812376	-357.326103
1.528120	11602.787208	-355.960270
1.529278	11604.758872	-354.599977
1.530436	11606.727362	-353.245195
1.531595	11608.692671	-351.895900
1.532753	11610.654841	-350.552076
1.533911	11612.613978	-349.213725
1.535069	11614.570079	-347.880821
1.536227	11616.523136	-346.553338
1.537385	11618.473141	-345.231249
1.538544	11620.420085	-343.914528
1.539702	11622.363959	-342.603148
1.540860	11624.304756	-341.297083
1.542018	11626.242466	-339.996307
1.543176	11628.177081	-338.700795
1.544334	11630.108592	-337.410520
1.545492	11632.036992	-336.125457
1.546651	11633.962271	-334.845580
1.547809	11635.884422	-333.570865
1.548967	11637.803434	-332.301285
1.550125	11639.719301	-331.036817
1.551283	11641.632014	-329.777435
1.552441	11643.541564	-328.523115
1.553600	11645.447942	-327.273832
1.554758	11647.351141	-326.029562
1.555916	11649.251151	-324.790281
1.557074	11651.147964	-323.555963
1.558232	11653.041572	-322.326586
1.559390	11654.931967	-321.102126
1.560549	11656.819139	-319.882558
1.561707	11658.703080	-318.667860
1.562865	11660.583782	-317.458008
1.564023	11662.461236	-316.252978
1.565181	11664.335434	-315.052748
1.566339	11666.206367	-313.857295
1.567497	11668.074027	-312.666594
1.568656	11669.938405	-311.480625
1.569814	11671.799493	-310.299364
1.570972	11673.657282	-309.122789
1.572130	11675.511770	-307.950878
1.573288	11677.363100	-306.783641
1.574446	11679.211330	-305.621068
1.575605	11681.056448	-304.463138
1.576763	11682.898442	-303.309826
1.577921	11684.737302	-302.161111
1.579079	11686.573016	-301.016970
1.580237	11688.405572	-299.877380
1.581395	11690.234959	-298.742319
1.582554	11692.061166	-297.611765
1.583712	11693.884180	-296.485696
1.584870	11695.703992	-295.364090
1.586028	11697.520589	-294.246926
1.587186	11699.333959	-293.134181
1.588344	11701.144092	-292.025835
1.589503	11702.950976	-290.921865
1.590661	11704.754600	-289.822251
1.591819	11706.554952	-288.726971
1.592977	11708.352020	-287.636005
1.594135	11710.145794	-286.549332
1.595293	11711.936261	-285.466931
1.596451	11713.723411	-284.388780
1.597610	11715.507232	-283.314861
1.598768	11717.287713	-282.245152
1.599926	11719.064841	-281.179634
1.601084	11720.838607	-280.118285
1.602242	11722.608997	-279.061086
1.603400	11724.376002	-278.008018
1.604559	11726.139609	-276.959060
1.605717	11727.899807	-275.914192
1.606875	11729.656585	-274.873396
1.608033	11731.409930	-273.836651
1.609191	11733.159833	-272.803938
1.610349	11734.906280	-271.775239
1.611508	11736.649268	-270.750535
1.612666	11738.388977	-269.729840
1.613824	11740.125490	-268.713152
1.614982	11741.858792	-267.700450
1.616140	11743.588868	-266.691716
1.617298	11745.315702	-265.686929
1.618456	11747.039280	-264.686070
1.619615	11748.759587	-263.689120
1.620773	11750.476607	-262.696059
1.621931	11752.190326	-261.706868
1.623089	11753.900728	-260.721529
1.624247	11755.607799	-259.740022
1.625405	11757.311523	-258.762328
1.626564	11759.011886	-257.788430
1.627722	11760.708872	-256.818308
1.628880	11762.402467	-255.851944
1.630038	11764.092655	-254.889320
1.631196	11765.779421	-253.930417
1.632354	11767.462751	-252.975218
1.633513	11769.142629	-252.023704
1.634671	11770.819041	-251.075858
1.635829	11772.491970	-250.131661
1.636987	11774.161403	-249.191096
1.638145	11775.827324	-248.254147
1.639303	11777.489718	-247.320794
1.640461	11779.148570	-246.391021
1.641620	11780.803866	-245.464810
1.642778	11782.455589	-244.542145
1.643936	11784.103726	-243.623008
1.645094	11785.748260	-242.707383
1.646252	11787.389178	-241.795252
1.647410	11789.026463	-240.886599
1.648569	11790.660102	-239.981407
1.649727	11792.290078	-239.079660
1.650885	11793.916489	-238.181358
1.652043	11795.539573	-237.286522
1.653201	11797.159321	-236.395135
1.654359	11798.775714	-235.507181
1.655518	11800.388732	-234.622642
1.656676	11801.998356	-233.741502
1.657834	11803.604567	-232.863744
1.658992	11805.207345	-231.989350
1.660150	11806.806670	-231.118304
1.661308	11808.402524	-230.250589
1.662466	11809.994886	-229.386189
1.663625	11811.583739	-228.525087
1.664783	11813.169061	-227.667267
1.665941	11814.750834	-226.812713
1.667099	11816.329038	-225.961408
1.668257	11817.903654	-225.113337
1.669415	11819.474663	-224.268484
1.670574	11821.042045	-223.426833
1.671732	11822.605780	-222.588368
1.672890	11824.165850	-221.753073
1.674048	11825.722235	-220.920934
1.675206	11827.274915	-220.091934
1.676364	11828.823872	-219.266058
1.677523	11830.369085	-218.443291
1.678681	11831.910535	-217.623618
1.679839	11833.448204	-216.807024
1.680997	11834.982071	-215.993494
1.682155	11836.512117	-215.183013
1.683313	11838.038323	-214.375566
1.684471	11839.560669	-213.571139
1.685630	11841.079136	-212.769717
1.686788	11842.593705	-211.971285
1.687946	11844.104356	-211.175829
1.689104	11845.611332	-210.383368
1.690262	11847.114823	-209.593915
1.691420	11848.614803	-208.807453
1.692579	11850.111249	-208.023968
1.693737	11851.604135	-207.243445
1.694895	11853.093435	-206.465868
1.696053	11854.579126	-205.691221
1.697211	11856.061181	-204.919492
1.698369	11857.539576	-204.150663
1.699528	11859.014287	-203.384722
1.700686	11860.485287	-202.621652
1.701844	11861.952552	-201.861441
1.703002	11863.416057	-201.104072
1.704160	11864.875777	-200.349532
1.705318	11866.331686	-199.597807
1.706476	11867.783761	-198.848883
1.707635	11869.231975	-198.102744
1.708793	11870.676305	-197.359378
1.709951	11872.116724	-196.618771
1.711109	11873.553207	-195.880908
1.712267	11874.985731	-195.145777
1.713425	11876.414270	-194.413362
1.714584	11877.838798	-193.683652
1.715742	11879.259291	-192.956632
1.716900	11880.675724	-192.232289
1.718058	11882.088071	-191.510611
1.719216	11883.496308	-190.791582
1.720374	11884.900410	-190.075192
1.721533	11886.300352	-189.361426
1.722691	11887.696109	-188.650271
1.723849	11889.087655	-187.941716
1.725007	11890.474972	-187.235747
1.726165	11891.858405	-186.532393
1.727323	11893.238142	-185.831665
1.728481	11894.614149	-185.133549
1.729640	11895.986396	-184.438031
1.730798	11897.354850	-183.745097
1.731956	11898.719479	-183.054734
1.733114	11900.080251	-182.366928
1.734272	11901.437134	-181.681665
1.735430	11902.790096	-180.998933
1.736589	11904.139106	-180.318718
1.737747	11905.484131	-179.641007
1.738905	11906.825139	-178.965787
1.740063	11908.162099	-178.293045
1.741221	11909.494978	-177.622768
1.742379	11910.823745	-176.954943
1.743538	11912.148366	-176.289558
1.744696	11913.468812	-175.626600
1.745854	11914.785048	-174.966056
1.747012	11916.097045	-174.307914
1.748170	11917.404768	-173.652161
1.749328	11918.708188	-172.998786
1.750486	11920.007271	-172.347776
1.751645	11921.301985	-171.699119
1.752803	11922.592299	-171.052803
1.753961	11923.878181	-170.408816
1.755119	11925.159598	-169.767146
1.756277	11926.436520	-169.127782
1.757435	11927.708912	-168.490711
1.758594	11928.976745	-167.855922
1.759752	11930.239986	-167.223404
1.760910	11931.498610	-166.593146
1.762068	11932.753049	-165.965181
1.763226	11934.003533	-165.339523
1.764384	11935.250019	-164.716160
1.765543	11936.492466	-164.095079
1.766701	11937.730833	-163.476267
1.767859	11938.965079	-162.859711
1.769017	11940.195163	-162.245399
1.770175	11941.421044	-161.633319
1.771333	11942.642679	-161.023459
1.772491	11943.860028	-160.415806
1.773650	11945.073051	-159.810348
1.774808	11946.281704	-159.207073
1.775966	11947.485948	-158.605969
1.777124	11948.685741	-158.007025
1.778282	11949.881042	-157.410229
1.779440	11951.071809	-156.815569
1.780599	11952.258002	-156.223033
1.781757	11953.439579	-155.632610
1.782915	11954.616499	-155.044289
1.784073	11955.788720	-154.458058
1.785231	11956.956202	-153.873907
1.786389	11958.118903	-153.291823
1.787548	11959.276782	-152.711796
1.788706	11960.429798	-152.133816
1.789864	11961.577909	-151.557870
1.791022	11962.721074	-150.983948
1.792180	11963.859253	-150.412040
1.793338	11964.992403	-149.842135
1.794496	11966.120484	-149.274222
1.795655	11967.243465	-148.708291
1.796813	11968.361887	-148.144383
1.797971	11969.476026	-147.582514
1.799129	11970.585830	-147.022672
1.800287	11971.691246	-146.464845
1.801445	11972.792220	-145.909020
1.802604	11973.888699	-145.355187
1.803762	11974.980631	-144.803334
1.804920	11976.067961	-144.253448
1.806078	11977.150637	-143.705519
1.807236	11978.228605	-143.159534
1.808394	11979.301812	-142.615483
1.809553	11980.370204	-142.073355
1.810711	11981.433730	-141.533137
1.811869	11982.492335	-140.994820
1.813027	11983.545966	-140.458392
1.814185	11984.594569	-139.923842
1.815343	11985.638093	-139.391160
1.816502	11986.676483	-138.860334
1.817660	11987.709686	-138.331354
1.818818	11988.737649	-137.804210
1.819976	11989.760319	-137.278891
1.821134	11990.777643	-136.755386
1.822292	11991.789566	-136.233686
1.823450	11992.796037	-135.713779
1.824609	11993.797002	-135.195657
1.825767	11994.792407	-134.679309
1.826925	11995.782199	-134.164724
1.828083	11996.766326	-133.651894
1.829241	11997.744770	-133.140810
1.830399	11998.718267	-132.631525
1.831558	11999.687074	-132.124050
1.832716	12000.651121	-131.618376
1.833874	12001.610340	-131.114489
1.835032	12002.564659	-130.612379
1.836190	12003.514010	-130.112034
1.837348	12004.458324	-129.613442
1.838507	12005.397530	-129.116594
1.839665	12006.331559	-128.621476
1.840823	12007.260341	-128.128079
1.841981	12008.183808	-127.636391
1.843139	12009.101889	-127.146402
1.844297	12010.014515	-126.658101
1.845455	12010.921616	-126.171477
1.846614	12011.823123	-125.686520
1.847772	12012.718967	-125.203219
1.848930	12013.609077	-124.721563
1.850088	12014.493384	-124.241543
1.851246	12015.371818	-123.763149
1.852404	12016.244311	-123.286369
1.853563	12017.110792	-122.811195
1.854721	12017.971192	-122.337616
1.855879	12018.825441	-121.865622
1.857037	12019.673470	-121.395204
1.858195	12020.515210	-120.926352
1.859353	12021.350590	-120.459057
1.860512	12022.179541	-119.993308
1.861670	12023.002186	-119.529110
1.862828	12023.819531	-119.066528
1.863986	12024.631658	-118.605561
1.865144	12025.438475	-118.146197
1.866302	12026.239889	-117.688427
1.867460	12027.035811	-117.232237
1.868619	12027.826147	-116.777616
1.869777	12028.610806	-116.324554
1.870935	12029.389697	-115.873039
1.872093	12030.162727	-115.423059
1.873251	12030.929806	-114.974605
1.874409	12031.690841	-114.527665
1.875568	12032.445742	-114.082229
1.876726	12033.194416	-113.638285
1.877884	12033.936771	-113.195824
1.879042	12034.672717	-112.754835
1.880200	12035.402161	-112.315307
1.881358	12036.125012	-111.877230
1.882517	12036.841178	-111.440595
1.883675	12037.550567	-111.005391
1.884833	12038.253089	-110.571609
1.885991	12038.948650	-110.139237
1.887149	12039.637160	-109.708268
1.888307	12040.318528	-109.278690
1.889465	12040.992660	-108.850495
1.890624	12041.659466	-108.423673
1.891782	12042.318855	-107.998214
1.892940	12042.971684	-107.574169
1.894098	12043.618719	-107.151581
1.895256	12044.259837	-106.730437
1.896414	12044.894915	-106.310726
1.897573	12045.523831	-105.892436
1.898731	12046.146462	-105.475555
1.899889	12046.762686	-105.060070
1.901047	12047.372380	-104.645971
1.902205	12047.975422	-104.233247
1.903363	12048.571688	-103.821884
1.904522	12049.161057	-103.411874
1.905680	12049.743406	-103.003204
1.906838	12050.318612	-102.595863
1.907996	12050.886553	-102.189841
1.909154	12051.447107	-101.785127
1.910312	12052.000150	-101.381710
1.911470	12052.545560	-100.979579
1.912629	12053.083215	-100.578725
1.913787	12053.612991	-100.179137
1.914945	12054.134768	-99.780804
1.916103	12054.648421	-99.383717
1.917261	12055.153829	-98.987866
1.918419	12055.650868	-98.593241
1.919578	12056.139417	-98.199832
1.920736	12056.619352	-97.807629
1.921894	12057.091363	-97.416669
1.923052	12057.556798	-97.027025
1.924210	12058.015523	-96.638685
1.925368	12058.467371	-96.251636
1.926527	12058.912176	-95.865866
1.927685	12059.349771	-95.481361
1.928843	12059.779990	-95.098109
1.930001	12060.202666	-94.716098
1.931159	12060.617633	-94.335315
1.932317	12061.024723	-93.955748
1.933475	12061.423772	-93.577384
1.934634	12061.814611	-93.200213
1.935792	12062.197075	-92.824222
1.936950	12062.570997	-92.449399
1.938108	12062.936210	-92.075734
1.939266	12063.292548	-91.703214
1.940424	12063.639844	-91.331829
1.941583	12063.977932	-90.961567
1.942741	12064.306645	-90.592417
1.943899	12064.625817	-90.224369
1.945057	12064.935281	-89.857412
1.946215	12065.234871	-89.491535
1.947373	12065.524419	-89.126728
1.948532	12065.803761	-88.762981
1.949690	12066.076534	-88.400446
1.950848	12066.345773	-88.039248
1.952006	12066.610624	-87.679349
1.953164	12066.870234	-87.320710
1.954322	12067.123748	-86.963292
1.955480	12067.370313	-86.607058
1.956639	12067.609076	-86.251971
1.957797	12067.839182	-85.897995
1.958955	12068.059777	-85.545092
1.960113	12068.270009	-85.193229
1.961271	12068.469022	-84.842369
1.962429	12068.655964	-84.492478
1.963588	12068.829981	-84.143524
1.964746	12068.990219	-83.795471
1.965904	12069.135823	-83.448288
1.967062	12069.265942	-83.101942
1.968220	12069.379720	-82.756401
1.969378	12069.476304	-82.411634
1.970537	12069.554840	-82.067610
1.971695	12069.614474	-81.724300
1.972853	12069.654354	-81.381672
1.974011	12069.673624	-81.039698
1.975169	12069.674332	-80.698457
1.976327	12069.667971	-80.358369
1.977485	12069.655819	-80.019473
1.978644	12069.637877	-79.681762
1.979802	12069.614145	-79.345228
1.980960	12069.584622	-79.009862
1.982118	12069.549310	-78.675657
1.983276	12069.508208	-78.342604
1.984434	12069.461315	-78.010696
1.985593	12069.408632	-77.679925
1.986751	12069.350159	-77.350283
1.987909	12069.285896	-77.021762
1.989067	12069.215843	-76.694355
1.990225	12069.140000	-76.368055
1.991383	12069.058367	-76.042853
1.992542	12068.970943	-75.718743
1.993700	12068.877730	-75.395716
1.994858	12068.778726	-75.073766
1.996016	12068.673932	-74.752886
1.997174	12068.563349	-74.433067
1.998332	12068.446975	-74.114304
1.999490	12068.320782	-73.796480
2.000649	12068.170767	-73.479212
2.001807	12067.996375	-73.162486
2.002965	12067.798334	-72.846323
2.004123	12067.577372	-72.530740
2.005281	12067.334217	-72.215758
2.006439	12067.069596	-71.901395
2.007598	12066.784238	-71.587669
2.008756	12066.478871	-71.274600
2.009914	12066.154221	-70.962203
2.011072	12065.811018	-70.650498
2.012230	12065.449989	-70.339500
2.013388	12065.071863	-70.029228
2.014547	12064.677366	-69.719696
2.015705	12064.267227	-69.410923
2.016863	12063.842173	-69.102922
2.018021	12063.402933	-68.795711
2.019179	12062.950235	-68.489303
2.020337	12062.484806	-68.183715
2.021495	12062.007366	-67.878962
2.022654	12061.517934	-67.575094
2.023812	12061.015766	-67.272113
2.024970	12060.500158	-66.969990
2.026128	12059.970410	-66.668697
2.027286	12059.425818	-66.368205
2.028444	12058.865682	-66.068488
2.029603	12058.289299	-65.769519
2.030761	12057.695966	-65.471270
2.031919	12057.084983	-65.173717
2.033077	12056.455647	-64.876832
2.034235	12055.807255	-64.580592
2.035393	12055.139107	-64.284971
2.036552	12054.450499	-63.989944
2.037710	12053.740731	-63.695488
2.038868	12053.009099	-63.401580
2.040026	12052.254902	-63.108195
2.041184	12051.477439	-62.815312
2.042342	12050.676215	-62.522915
2.043501	12049.857149	-62.231231
2.044659	12049.022416	-61.940343
2.045817	12048.170925	-61.650209
2.046975	12047.301588	-61.360792
2.048133	12046.413317	-61.072051
2.049291	12045.505022	-60.783949
2.050449	12044.575615	-60.496450
2.051608	12043.624008	-60.209515
2.052766	12042.649110	-59.923108
2.053924	12041.649835	-59.637195
2.055082	12040.625092	-59.351741
2.056240	12039.573793	-59.066711
2.057398	12038.494850	-58.782071
2.058557	12037.387173	-58.497789
2.059715	12036.249675	-58.213833
2.060873	12035.081265	-57.930170
2.062031	12033.885069	-57.646918
2.063189	12032.669516	-57.364375
2.064347	12031.433272	-57.082497
2.065506	12030.174591	-56.801226
2.066664	12028.891727	-56.520505
2.067822	12027.582932	-56.240278
2.068980	12026.246459	-55.960490
2.070138	12024.880563	-55.681086
2.071296	12023.483495	-55.402014
2.072454	12022.053510	-55.123222
2.073613	12020.588861	-54.844658
2.074771	12019.087800	-54.566273
2.075929	12017.548581	-54.288017
2.077087	12015.969458	-54.009843
2.078245	12014.348683	-53.731704
2.079403	12012.692352	-53.453810
2.080562	12011.011430	-53.176529
2.081720	12009.303204	-52.899775
2.082878	12007.564729	-52.623459
2.084036	12005.793061	-52.347490
2.085194	12003.985254	-52.071782
2.086352	12002.138365	-51.796250
2.087511	12000.249449	-51.520808
2.088669	11998.315560	-51.245376
2.089827	11996.333755	-50.969873
2.090985	11994.301088	-50.694220
2.092143	11992.214616	-50.418340
2.093301	11990.071393	-50.142157
2.094459	11987.872323	-49.865717
2.095618	11985.638759	-49.589694
2.096776	11983.370097	-49.314076
2.097934	11981.061077	-49.038711
2.099092	11978.706435	-48.763449
2.100250	11976.300909	-48.488142
2.101408	11973.839238	-48.212647
2.102567	11971.316159	-47.936824
2.103725	11968.726410	-47.660534
2.104883	11966.064729	-47.383644
2.106041	11963.325854	-47.106021
2.107199	11960.504522	-46.827537
2.108357	11957.606271	-46.548382
2.109516	11954.663762	-46.269530
2.110674	11951.670755	-45.990811
2.111832	11948.617131	-45.711948
2.112990	11945.492772	-45.432670
2.114148	11942.287560	-45.152712
2.115306	11938.991377	-44.871813
2.116464	11935.594104	-44.589723
2.117623	11932.085624	-44.306193
2.118781	11928.455817	-44.020983
2.119939	11924.698654	-43.733973
2.121097	11920.869255	-43.446727
2.122255	11916.971544	-43.159377
2.123413	11912.984144	-42.871361
2.124572	11908.885677	-42.582132
2.125730	11904.654766	-42.291153
2.126888	11900.270034	-41.997904
2.128046	11895.710102	-41.701878
2.129204	11890.953594	-41.402581
2.130362	11885.997422	-41.100015
2.131521	11880.947819	-40.797040
2.132679	11875.783483	-40.493135
2.133837	11870.453110	-40.187019
2.134995	11864.905401	-39.877444
2.136153	11859.089051	-39.563197
2.137311	11852.952761	-39.243103
2.138469	11846.446137	-38.916043
2.139628	11839.733375	-38.586296
2.140786	11832.862444	-38.255143
2.141944	11825.685965	-37.919021
2.143102	11818.056558	-37.574478
2.144260	11809.826844	-37.218174
2.145418	11800.858042	-36.847097
2.146577	11791.599232	-36.472370
2.147735	11781.974120	-36.092338
2.148893	11771.422349	-35.694064
2.150051	11759.383564	-35.265113
2.151209	11745.975851	-34.809191
2.152367	11732.380077	-34.354070
2.153526	11715.513966	-33.830621
2.154684	11693.860554	-33.211393
2.155842	11669.530188	-32.549547
2.157000	11595.931224	-30.836199
